3000 3998
1 431
1 674
2 1834
3 1536
3 737
4 2194
5 2951
5 2739
6 1119
6 122
6 524
6 2608
6 2286
6 2018
6 2307
7 732
8 1963
8 666
8 870
8 1000
9 283
9 2999
10 1343
10 1243
10 2396
10 795
11 1423
12 2114
12 2275
12 213
12 722
12 1178
13 1330
13 2925
14 2392
14 2578
14 171
15 1371
15 428
15 828
15 1110
15 893
16 465
16 1815
17 2931
17 793
17 807
18 1286
18 1379
19 529
20 2752
21 2275
21 1300
22 1511
22 2612
22 1053
23 2300
24 711
25 2947
26 368
26 2241
26 838
26 963
27 2974
27 1785
28 2291
29 1352
29 2300
30 330
31 100
32 1283
32 2892
33 1828
33 954
34 541
35 352
36 1213
36 2469
36 2189
36 2746
36 1831
36 1189
37 2601
37 809
37 2904
37 2784
37 523
37 1022
38 871
38 1351
38 1430
38 1478
38 2263
38 2750
38 2560
38 1491
38 2216
38 1357
38 1700
38 394
39 1687
39 1152
39 2703
39 487
40 1303
40 2488
40 1876
40 2508
40 992
40 379
40 713
41 1272
42 210
42 2635
42 2793
43 644
44 736
45 1249
45 783
46 981
46 837
47 1791
47 1787
48 2244
49 2672
50 207
50 1274
50 2616
51 1648
51 341
51 2688
51 2690
51 721
51 779
51 166
52 2011
52 2464
52 2345
53 2293
54 1607
54 2173
55 174
55 2740
55 2020
55 1173
55 2735
56 2872
56 1572
57 2614
57 2925
58 284
59 707
60 638
60 936
60 2107
61 2080
62 2475
63 1094
64 2698
65 1572
66 1323
67 145
68 474
68 1690
68 410
68 2833
69 2517
70 1933
70 1502
70 2541
71 2049
72 467
72 1190
73 118
73 108
74 901
75 721
75 1592
76 1959
76 542
76 2375
77 364
78 902
78 645
78 637
79 1249
79 319
80 2379
81 895
81 2107
81 94
82 192
82 1100
83 1078
83 225
84 263
84 1079
85 2262
85 2885
85 2974
86 598
86 1888
86 1256
87 953
87 1120
87 635
87 2399
87 2233
87 1990
88 1028
88 188
88 2088
88 155
88 827
89 2372
89 1073
89 2732
89 2777
89 1463
90 138
91 1242
91 2391
92 1118
93 1747
93 908
93 1848
93 1019
95 888
96 1271
96 1863
96 1126
96 1936
96 1270
96 858
97 2426
97 2532
97 1119
97 1245
98 1431
98 1572
98 477
98 291
99 2200
99 968
99 1180
100 388
100 2510
100 2624
101 2744
102 569
102 1045
102 417
103 2695
103 2365
104 896
104 2841
104 470
105 1401
105 851
106 603
107 2612
109 2293
109 2072
110 2474
111 1643
111 2905
112 1035
112 572
113 1307
113 1688
113 1303
113 2323
113 569
113 1273
113 1991
114 1750
114 251
114 752
115 2640
115 2033
115 451
116 1060
116 409
116 2106
116 2717
117 2111
117 1012
118 1154
119 2835
120 662
120 854
120 1951
121 131
121 1900
122 1115
122 2477
122 1387
122 2021
122 825
123 2471
123 2757
123 2376
123 2396
123 2625
123 888
124 1472
124 1248
124 1578
124 2552
125 684
125 2073
125 2345
125 1299
126 1600
127 958
127 2335
128 1458
129 481
130 535
130 1246
130 2128
131 2256
131 964
131 1149
131 1819
131 1920
132 2185
132 2528
133 237
133 1153
133 813
133 2331
133 1610
134 2946
134 1296
134 608
134 2659
134 1517
134 962
135 2902
135 1764
135 1267
135 1023
136 620
136 1639
136 307
136 923
136 2912
136 525
137 249
138 745
138 2960
138 1812
139 2453
139 1580
139 793
139 1823
140 483
140 1115
140 757
141 1111
141 2549
142 2291
142 957
143 1385
143 1719
143 2084
143 1172
143 1897
144 278
144 1387
144 1753
145 2114
145 2243
146 2782
146 1862
146 1319
146 1947
146 149
146 1367
146 2913
146 2825
146 2294
146 2600
146 2455
146 2623
147 2425
148 1153
148 1262
149 198
149 2345
149 604
149 2365
149 1115
149 1813
149 2757
149 1553
149 2099
149 1248
149 1703
150 2539
150 159
150 758
150 594
151 2745
151 2400
151 2667
151 205
152 1402
152 942
153 1558
153 1136
154 1148
155 1289
155 1568
156 1048
157 2129
158 1942
158 1545
159 2443
159 2486
159 2451
159 1723
160 1717
161 2728
161 1860
161 2334
161 2465
162 1888
162 1629
163 1483
163 956
163 828
163 1202
164 1973
165 1271
165 1205
165 1556
165 412
166 2296
167 335
167 312
168 2688
168 2325
168 2891
168 800
168 1697
169 1377
169 260
170 1634
170 640
171 2995
172 2601
172 698
172 1153
173 1391
173 1688
173 2680
173 2541
174 2846
174 1104
174 1746
174 2925
175 1840
176 2312
176 1062
177 1328
178 1942
178 349
178 2111
178 2624
178 2562
178 995
179 2206
179 1577
180 1381
180 967
181 1105
182 2278
182 2072
182 1588
183 1307
183 726
183 1417
183 1601
183 1715
183 2934
183 2206
183 1521
183 604
183 1063
183 2595
183 2538
183 922
183 1571
183 226
183 484
184 1688
184 249
184 2606
184 1763
184 2579
184 1972
184 1527
184 347
185 859
185 322
185 2132
186 2597
187 2206
187 1739
188 199
188 1444
188 2855
188 793
188 2105
189 1251
189 2885
189 2054
190 1677
191 2069
191 1029
192 2162
192 2686
192 2081
193 1833
194 731
194 2519
194 2272
194 2921
194 2098
195 2956
195 2982
196 1963
196 855
196 1138
197 1915
197 303
198 464
198 2978
198 1371
198 2854
199 2087
199 1000
200 2575
200 2599
201 1512
202 2829
202 284
202 1373
202 2847
203 1657
204 1839
205 1153
205 2132
205 1505
206 2449
207 1975
207 2392
207 893
207 254
208 1455
209 495
209 423
209 2272
210 2748
210 1134
211 2470
211 2468
211 2500
211 1413
211 245
211 460
211 880
211 1239
211 2059
211 924
212 224
212 1349
213 2479
213 1496
213 2357
214 1128
214 2986
214 1977
214 1563
214 467
215 1073
216 1605
216 2322
217 414
218 861
218 553
218 2303
219 1099
219 2240
220 2810
221 1634
222 2122
222 1065
222 1239
223 541
224 871
224 426
225 1145
226 1619
226 608
226 1040
227 2301
227 363
228 588
228 2101
229 2837
230 896
231 2029
232 2461
232 2986
232 2299
232 1298
232 2016
233 2853
233 1895
233 2615
233 1448
234 1813
235 1925
235 483
236 289
236 2630
236 2908
236 826
237 871
237 2140
237 2054
238 1348
239 2598
239 272
239 2875
240 1345
240 263
240 1339
240 2612
240 2383
241 671
241 1387
242 1192
243 2559
243 1449
243 299
243 1481
243 1216
243 2533
243 2609
244 2342
244 734
245 498
246 1026
246 596
247 2819
247 462
247 1906
247 2789
247 2283
247 2649
247 1187
248 1152
248 2199
248 968
249 1497
249 885
249 2011
249 2897
249 753
249 1156
249 2155
250 1465
250 2354
251 862
251 1829
252 1580
252 1783
253 2890
255 1318
255 1642
256 2595
256 1874
256 424
256 2205
256 2727
257 1560
257 2604
257 2879
257 2043
257 2418
258 1421
258 1387
258 468
259 2594
259 298
259 2344
261 1401
261 409
262 2473
263 1640
263 405
264 1216
264 2228
265 1037
265 1624
266 2942
267 461
267 2548
267 1929
267 2943
268 2942
268 2724
269 2611
270 1053
270 2972
271 1194
272 1756
272 2344
273 2477
273 2296
273 1451
274 2844
274 1723
275 2783
276 1688
276 828
276 473
276 1677
276 1574
276 2308
276 1359
277 513
277 1151
277 2519
277 1807
277 1991
278 1910
278 2736
279 1901
280 1359
280 1157
281 1922
282 686
282 2650
283 1763
283 1333
283 614
284 2194
284 2559
285 1127
285 506
286 1808
286 2317
287 706
287 2866
288 2238
289 2764
290 1566
290 2272
290 2097
290 2250
291 793
292 539
293 2606
293 2367
293 2275
293 558
294 2293
295 1539
295 1198
295 424
295 2986
295 1883
296 1784
296 2035
296 1694
297 505
297 2779
297 2021
297 2237
299 311
299 2027
300 1235
300 2165
300 2301
300 2329
301 2223
301 1366
302 660
303 453
303 1369
304 1744
304 2912
304 1525
304 1983
304 1709
304 1216
304 2404
305 1423
305 2475
306 658
306 2189
306 2145
307 2043
308 512
308 414
309 2256
309 2455
310 1820
310 2470
310 2753
311 1534
312 1203
313 1620
313 1096
314 725
315 2693
315 1438
316 1154
316 2670
316 1828
316 2620
316 2892
316 1766
317 2970
317 955
318 1733
319 2745
319 2874
319 1059
319 2345
319 2754
320 1281
320 1867
321 504
321 2636
322 1100
322 1165
322 2032
322 2402
323 882
323 376
324 790
324 383
325 546
326 2558
327 956
327 900
328 606
328 1070
328 2004
329 2244
330 847
331 885
332 1891
332 2201
333 654
334 440
334 1528
335 2372
335 1530
335 1318
335 1859
336 1105
336 2810
336 1529
336 1841
336 2121
337 458
337 2013
338 2133
338 973
339 2832
340 540
341 686
341 1837
342 1637
343 2666
343 2258
343 2151
344 424
344 1986
345 523
345 456
345 2404
346 885
346 2272
346 815
346 2587
346 1579
347 2105
347 1981
348 2656
348 968
349 499
350 1373
350 2715
351 896
351 2834
351 2605
352 1259
352 2694
352 1743
352 799
353 745
353 2912
354 1094
354 577
355 1089
355 2885
355 2830
356 2763
356 1553
356 1881
356 2340
357 2117
357 2324
357 410
358 1423
359 775
359 520
360 2712
360 424
360 951
360 792
361 2264
362 482
363 1626
363 1432
364 2617
364 2322
364 781
365 1201
365 1143
365 421
365 2923
365 408
365 1573
365 2787
365 1821
366 510
366 2593
367 747
367 1046
368 1109
368 2012
368 415
368 2403
369 947
370 1129
371 2899
372 2850
373 1635
373 933
374 1486
374 1625
375 2200
375 961
376 1048
376 2776
376 2519
376 1842
376 1450
377 650
378 755
378 1905
378 461
380 2309
381 1883
382 642
382 2998
382 401
383 2365
384 2424
385 2802
386 1055
387 1166
387 2212
387 1933
388 1105
389 2338
389 657
390 2471
390 861
390 1421
390 488
391 1154
391 2803
391 593
391 2567
392 1891
392 410
393 2508
394 2819
394 2318
394 2572
395 1421
395 1113
396 429
396 1966
396 635
396 2218
396 560
396 2292
397 983
398 1891
399 773
399 2599
399 1092
400 1958
401 1808
401 900
402 2871
403 2978
404 2563
405 1905
406 2328
407 872
408 840
409 1704
409 2072
410 2545
410 2527
411 856
413 2248
413 1193
413 1162
414 1876
414 1696
414 2676
416 2751
416 1646
416 1063
418 500
418 1680
418 1690
419 2612
420 2833
420 2365
420 883
420 2517
420 2446
422 2241
423 2060
424 2815
424 1395
425 2296
426 2924
426 1492
426 1902
426 1980
427 510
427 2860
427 643
427 2120
429 2372
429 1564
429 1658
430 1891
430 2266
431 1013
431 2901
431 2996
431 869
431 2119
431 1400
432 1015
432 2507
433 967
434 598
434 775
434 2683
435 1251
435 738
436 2565
437 1183
437 1020
437 2650
438 2888
439 1872
440 1143
441 2476
442 1385
442 1000
442 817
442 2660
443 1935
444 836
444 2345
444 2537
445 2291
446 1438
447 642
448 1974
448 615
448 2602
449 1283
449 2899
450 871
450 2669
450 621
450 1948
450 2832
450 1407
451 1481
451 828
451 1229
452 658
452 1854
452 2833
452 883
452 1729
453 1073
453 1301
453 1278
453 2696
454 1975
454 1209
455 2566
455 783
456 1050
456 1208
456 1950
456 2395
456 1665
457 682
458 1385
458 1518
458 2799
458 2337
458 1194
458 1555
459 1343
459 2637
460 753
460 2144
460 1917
460 490
461 2095
461 1209
462 1054
462 567
463 2025
463 1856
464 1271
464 490
464 763
464 1811
464 2568
465 2390
465 2675
465 2921
465 1171
465 1179
465 850
466 2597
466 1452
467 1923
467 671
467 1157
468 606
468 1586
469 2689
471 2165
472 528
472 1352
473 2588
473 781
474 523
475 2479
475 1406
476 2854
477 2216
478 1081
479 1390
480 2952
480 1551
480 584
481 1189
482 2614
484 1878
484 1437
484 1380
485 1732
485 2723
485 1397
486 893
487 2091
487 2223
487 2369
487 1359
488 2134
488 1277
489 796
490 1037
491 1108
491 2365
491 1686
491 868
492 1843
492 2926
493 1580
494 1241
495 2851
496 817
496 1106
496 563
496 1991
497 2224
498 1289
498 1971
498 1829
498 1570
498 2333
498 780
498 844
498 1626
498 828
498 1729
500 2470
500 966
501 2513
501 2573
502 1923
503 2764
503 2902
503 1482
503 1281
504 2281
504 2154
505 1301
505 899
505 2839
505 1818
505 1206
506 970
506 1603
506 1360
506 870
507 1917
508 2380
509 2180
509 2380
509 2097
510 2966
510 2820
510 2667
510 2384
511 1442
512 1758
512 924
512 1202
513 2866
514 2838
514 2424
515 2281
515 2808
516 1894
516 2600
517 2913
517 1278
517 1311
517 576
518 2819
518 715
518 2032
518 2898
518 2133
518 1388
518 2127
518 1115
519 2796
520 1354
520 1852
520 2062
520 2183
521 849
521 1146
521 1198
521 2390
522 2764
522 693
522 2750
523 1309
523 906
523 527
525 1119
526 1202
527 2537
527 2868
528 2323
528 1180
528 2000
529 598
530 2157
530 2411
530 2423
531 2250
532 2443
532 2552
532 967
532 1586
532 1629
533 702
534 2470
534 2441
534 669
534 2495
534 1613
535 554
535 1011
535 1976
535 2952
536 760
537 754
537 2925
538 1871
538 2683
539 1758
539 2644
539 2044
539 861
540 638
541 2301
542 2736
542 2620
542 1780
542 2514
543 2919
544 2228
544 1457
545 2130
546 794
546 1450
547 1906
548 2937
549 1237
550 2148
551 1587
551 2485
551 1036
552 1672
554 953
554 2836
554 758
555 756
555 2952
555 1389
556 979
557 589
557 2780
558 2966
559 1307
559 1727
559 3000
560 2894
560 584
561 1215
562 2937
563 1569
564 589
564 1653
565 2784
565 667
566 2404
566 2076
566 1193
568 1349
569 1696
569 2252
570 2134
570 1396
571 1460
572 2019
572 2216
572 1634
572 2679
573 1502
574 952
575 2315
576 1258
576 2977
578 1155
578 2126
579 2256
579 1837
580 2559
580 2728
581 1829
581 2384
581 1095
581 1021
582 1598
583 2377
583 2125
585 2853
585 1817
585 2097
586 2420
586 1507
586 1358
586 1999
587 856
587 1367
587 2194
587 1690
587 1626
587 2902
587 2093
587 1682
588 2577
588 1602
589 1201
589 2413
590 2203
590 1755
591 1959
591 1157
592 622
593 1849
594 1727
594 2192
594 1812
594 2863
594 2892
595 1082
597 2878
598 2899
598 1278
598 2001
599 1951
599 685
600 1373
601 2599
602 1490
602 2666
602 1384
602 1395
602 1374
602 1418
603 2197
603 2922
603 769
603 2755
604 1944
604 1198
604 2322
605 791
605 805
606 1061
606 1690
606 1452
606 970
606 2209
607 2343
608 676
609 1942
609 676
610 2425
611 2064
611 2575
611 2795
612 1863
612 878
613 2676
613 954
614 793
616 1029
617 2737
617 1258
618 1449
619 1373
619 2623
620 922
620 2695
620 1688
620 629
621 1473
621 951
622 1111
622 2104
623 2508
623 2856
623 2586
623 1603
624 707
624 1235
624 1431
624 856
624 1133
624 2313
624 2181
624 1802
625 1110
625 1426
626 1424
626 1945
627 2451
627 2443
627 1885
628 1543
628 762
628 1636
629 2751
629 1012
629 2638
629 2119
630 1303
630 877
630 2756
631 2492
632 2093
632 1394
632 2185
632 1688
632 1379
632 2983
632 707
633 1464
634 1942
634 1916
634 2109
635 649
635 2638
636 2248
637 2757
638 2451
638 2260
639 2232
640 649
640 2060
640 1616
641 1094
641 2080
641 674
642 1951
642 2667
642 859
644 2372
644 2760
644 1489
645 1598
646 2228
647 2952
647 1148
647 1915
648 1538
648 2519
649 1923
649 2308
650 964
650 1961
650 727
651 1823
652 1111
653 1054
653 1707
654 903
655 1345
655 2677
655 2239
656 1260
656 2439
658 2751
658 1769
659 1641
659 1341
660 854
660 1264
660 2342
660 743
660 2023
661 2100
661 1418
662 1460
662 895
662 2700
662 2069
662 1015
662 2123
662 1360
663 696
664 2070
665 2657
667 2282
667 2731
667 1367
668 706
669 2048
670 2960
671 2966
671 2613
671 2284
671 1662
672 1587
673 1467
673 1251
674 2936
674 860
674 2557
674 2864
674 2667
675 1903
675 1712
675 2710
675 2414
675 2157
675 2043
675 1805
676 760
676 1565
676 2952
676 1721
676 944
676 1914
677 1265
677 2370
678 1720
678 1855
678 2522
679 2306
679 2552
680 2953
681 2250
681 1129
681 2406
681 2561
682 824
682 1239
683 2737
684 1119
684 867
684 1864
687 908
687 2636
688 2453
688 1292
688 2712
689 1955
690 1596
690 1159
691 1068
691 2164
691 2599
692 1095
692 2909
692 2411
693 2670
693 1450
694 1689
694 2643
694 2626
694 1262
695 1235
695 2170
695 2518
696 1633
696 2467
697 1282
698 1119
698 2489
698 2479
699 2416
699 1453
699 1653
700 2959
701 1944
702 1523
702 1141
702 1609
702 1456
703 1003
703 1063
703 1808
703 1488
704 2982
704 1058
704 2746
704 731
704 2887
704 2925
705 2006
705 1548
706 2884
706 2484
706 2321
706 2955
707 943
707 1460
707 2773
707 835
707 2030
708 1483
709 2639
710 2670
711 2871
711 1360
712 1417
712 1568
714 2863
715 1636
715 2664
716 780
717 969
718 786
718 2842
718 2911
719 2558
719 1034
720 2115
720 1418
721 968
721 2663
721 2825
721 2425
721 2076
722 2905
723 1517
724 817
724 1082
724 2526
724 1741
725 1876
725 1501
725 1557
725 1075
726 1861
726 1247
726 1889
726 1182
726 2094
726 2406
727 2863
728 1256
729 1351
730 1307
730 1348
730 1235
730 2692
730 2229
732 2921
732 2859
732 1559
733 1628
733 1787
733 1040
734 1690
734 2178
734 1499
734 1453
734 2051
734 2755
735 2228
735 2692
735 2078
736 1750
736 1622
738 2571
739 2601
739 2751
739 1094
739 1131
740 1794
741 1685
742 2379
743 1631
743 1052
743 2527
744 1458
745 2289
745 1401
745 1158
745 1121
746 1845
746 2146
746 2561
746 2044
747 861
747 1517
748 1808
749 1864
749 1285
749 1859
750 1293
750 2056
750 2280
751 1251
751 1408
754 2879
754 2148
755 1791
755 2589
755 2261
756 2218
756 2562
756 2815
756 1121
757 1390
757 1468
758 1425
759 1275
760 1880
760 2214
761 824
762 2850
762 1767
762 2322
763 2341
763 2037
763 1361
764 809
764 1634
764 2554
764 2091
765 1735
765 2051
765 994
765 2492
766 1386
766 2393
767 2006
768 1805
768 2873
768 1156
770 2776
771 1281
771 2954
771 2998
771 2114
772 2440
772 1831
772 1355
772 2747
773 1308
774 1584
775 1131
775 1773
775 2657
775 1865
775 1115
775 896
775 2529
775 2612
775 967
775 1821
775 1087
776 1131
777 2102
778 1119
779 1902
780 1745
781 2471
781 1942
781 1311
781 2814
782 2732
783 2172
783 2048
784 2034
784 1717
785 2240
786 2577
786 2120
787 1374
788 2263
789 1524
790 2879
790 1176
790 2429
791 2761
791 1877
792 817
792 2361
792 1484
793 1366
794 2902
794 1115
795 936
796 2392
796 1511
796 2287
796 2088
796 2984
797 2952
797 2470
797 1293
798 1362
798 2207
799 1934
801 1560
802 2519
803 2099
803 1794
803 2555
804 1092
804 2147
805 2470
805 1413
805 1198
805 2288
806 1303
806 2653
807 1096
808 909
808 1783
809 2737
809 1291
809 1932
810 2737
811 1829
812 1523
812 2687
812 2059
813 1098
813 2433
813 1392
814 1063
814 881
815 2781
816 1183
817 2619
817 1858
817 1545
818 1462
819 2958
819 2592
820 1758
820 1428
821 2685
821 1683
822 2750
822 1115
823 927
824 1073
824 2610
824 2480
824 1017
825 1424
825 2503
825 2827
826 2078
826 2656
826 1077
827 2471
828 2569
829 2625
830 1708
830 2063
831 879
832 954
833 1464
834 2162
834 1074
835 1607
835 1648
835 1188
836 2733
836 1910
836 2826
836 1506
836 1913
837 2035
838 2386
838 2465
838 964
839 1803
839 2053
840 2762
840 2514
840 2416
840 1654
840 1801
840 1542
841 1209
842 2143
842 1451
843 1726
844 1447
844 884
844 2665
844 1873
845 2803
845 2907
846 2960
846 1904
846 2404
847 2180
847 2295
847 2166
847 1669
848 2229
848 2432
849 2595
849 2963
850 1829
851 1813
851 1165
852 2773
852 2513
852 1655
853 2638
853 1221
854 2817
854 2466
855 2188
856 2999
856 2956
856 2595
856 1115
857 1809
857 1367
857 1870
857 2265
860 1493
860 2203
860 1130
860 1955
861 2112
861 2915
861 1139
863 2802
863 2739
864 1714
865 1916
865 2857
866 2828
866 1184
866 1771
868 1824
871 1431
871 2264
871 2102
871 2451
871 1987
871 2248
871 1294
871 2436
872 2342
872 2268
873 2913
873 1996
873 1813
874 1381
875 2845
876 2214
878 2640
879 2307
880 1179
880 2918
880 2120
882 1977
883 1624
885 1409
885 2809
885 2988
885 1039
886 2968
886 2415
886 1615
886 1544
887 2899
887 1195
887 2376
888 1283
888 1590
888 1542
889 2586
889 2246
889 1165
890 1508
891 1490
892 2916
892 2648
892 2783
893 1111
894 1056
896 1923
896 1124
896 1533
897 2566
897 2564
897 2901
898 1971
899 1560
900 1968
901 1916
902 1861
902 1128
902 1921
903 2629
904 1367
905 2832
905 2632
907 2716
909 2919
909 2116
909 1698
910 1497
911 914
912 1249
912 1001
912 2983
912 1192
912 1572
912 1774
913 2493
914 1758
914 1799
914 949
915 1681
915 2548
916 2389
917 1576
918 1264
919 2058
920 1214
920 1165
920 2082
920 931
921 2372
921 1789
921 2397
921 2200
922 1307
922 2863
922 1951
925 1143
926 2291
927 2775
927 2168
928 2281
929 2453
929 2824
930 2433
930 2840
930 2667
930 1864
931 2147
932 1205
932 2076
934 2064
934 2720
934 2628
935 2791
936 2136
937 1120
937 2163
937 2339
938 1983
939 1428
940 1298
941 2827
942 1349
942 1010
942 1317
943 1381
943 2471
943 1418
943 1060
943 2067
944 1343
944 2251
944 2861
944 2558
944 2551
945 2251
946 1922
947 1977
947 2725
948 2967
949 2825
949 2817
950 1607
950 2505
950 1390
950 1643
950 2353
951 1757
952 1903
952 2009
953 1418
953 1790
953 2986
953 2152
954 2499
954 997
954 1853
954 2530
954 1104
954 2707
956 1086
958 1028
958 2496
959 1448
959 2732
960 1795
960 1242
960 2482
961 2602
962 1264
962 2460
963 2816
964 1237
964 1988
965 1520
966 2465
966 1173
966 1148
968 2287
968 1104
969 1078
969 1949
970 1164
970 2367
970 1680
971 2138
971 1663
971 1350
971 2881
972 2490
973 1521
973 2519
974 1530
975 2263
975 1645
976 1241
976 1386
977 2942
978 1067
979 2313
980 1628
981 1933
981 2542
982 2937
983 1933
983 2757
983 1125
984 1043
985 1574
985 2477
985 1507
986 2920
987 2728
988 2997
989 1944
989 2536
989 2863
990 2179
991 1530
991 2662
992 2489
992 1003
993 2086
994 1572
994 2089
994 2221
995 2187
996 2137
996 2735
998 2861
999 1155
1000 1965
1000 2291
1000 2450
1000 2878
1000 2757
1000 2636
1000 2023
1002 1881
1002 2328
1004 2800
1004 2042
1005 1116
1005 1977
1006 1387
1007 2280
1008 2192
1009 2368
1009 2308
1009 2946
1011 2949
1011 2006
1012 2192
1012 2845
1012 1222
1012 1827
1012 1612
1012 2632
1013 1442
1013 1308
1013 1697
1013 1103
1014 1903
1014 1576
1016 1662
1018 2627
1018 2889
1019 1690
1021 2374
1021 2128
1021 1445
1023 1225
1023 2544
1023 1387
1024 1773
1024 1868
1025 2723
1026 2307
1026 2276
1027 1502
1028 2904
1028 1974
1029 1210
1029 2952
1029 1862
1029 1848
1030 1772
1031 2137
1031 1816
1032 2045
1033 1041
1035 2306
1035 2584
1035 1532
1035 1840
1035 2014
1037 2718
1038 1504
1040 2095
1041 1730
1041 1539
1042 1390
1042 1776
1043 2952
1043 1749
1044 1993
1044 1796
1045 2661
1046 1100
1046 1699
1047 2342
1047 1432
1048 2114
1048 1457
1048 1204
1049 1265
1049 1202
1050 1604
1051 1942
1053 1493
1053 1423
1053 1097
1055 2157
1055 1212
1055 1329
1055 1962
1055 1220
1056 1259
1056 2216
1057 1269
1057 2641
1057 1121
1060 2501
1060 2879
1060 1741
1060 2420
1060 1464
1061 1307
1061 2970
1061 2400
1061 2709
1061 1305
1062 1459
1063 2783
1063 2391
1063 2765
1064 1258
1064 1708
1064 1927
1064 2647
1065 2022
1066 2238
1067 1354
1067 1864
1067 1076
1068 2157
1068 1938
1068 1246
1068 2233
1068 2214
1068 2227
1069 2688
1071 2275
1072 1942
1073 1620
1073 2293
1078 1975
1078 2676
1078 1553
1080 1420
1081 2601
1081 1229
1082 1801
1083 2569
1084 1103
1085 1339
1085 1850
1087 1949
1088 2496
1088 2366
1089 1581
1089 1603
1089 2235
1090 2613
1090 2075
1091 1351
1091 2437
1091 2167
1092 2982
1092 1820
1092 1391
1093 2610
1094 2289
1094 1886
1094 2476
1094 1989
1094 1393
1095 1760
1095 2632
1097 1128
1097 1813
1098 1915
1099 2578
1100 1943
1100 1952
1100 1867
1101 2911
1102 2522
1104 2361
1105 1399
1105 2453
1105 1475
1106 2769
1106 1958
1107 2849
1108 2594
1109 1975
1110 1250
1111 1733
1111 1359
1111 2358
1111 1183
1112 2059
1114 1872
1115 2451
1115 1921
1115 1409
1115 2893
1115 1913
1116 1375
1117 2684
1117 2472
1118 1183
1120 1730
1122 1941
1123 2248
1124 2482
1124 2873
1124 2097
1125 2771
1125 1610
1126 2101
1127 1276
1127 1777
1128 2195
1128 1836
1128 1227
1129 1562
1129 2505
1130 1297
1132 2390
1132 1487
1133 1183
1135 2754
1136 1165
1137 1743
1139 2785
1140 1387
1141 2215
1142 1860
1144 1570
1144 1724
1146 1776
1147 2810
1147 1707
1148 2900
1149 2704
1149 2038
1150 2838
1153 2494
1153 2071
1154 2323
1154 2796
1155 2586
1156 1946
1157 2389
1157 2519
1157 1668
1158 1469
1158 2614
1159 1599
1159 1960
1160 2300
1160 2870
1161 1431
1161 1589
1161 1484
1161 1941
1162 2821
1162 1432
1163 2411
1164 2670
1165 1354
1165 1867
1165 2620
1166 2832
1167 1345
1167 2238
1168 1260
1168 2268
1169 1689
1169 1191
1170 2737
1171 2677
1173 2645
1173 1851
1173 2742
1173 1292
1174 1788
1174 2830
1175 2763
1175 2684
1175 1436
1176 2216
1177 1855
1177 2402
1178 2387
1178 2697
1178 1413
1178 2815
1178 2204
1179 1540
1180 2137
1181 2823
1182 1899
1183 2566
1183 1567
1185 1294
1186 1773
1188 2454
1189 1847
1189 2930
1189 1587
1196 2983
1196 2638
1197 2398
1198 2820
1198 2344
1198 1287
1198 1841
1199 1686
1199 2868
1200 1742
1201 2372
1201 1249
1201 2940
1201 2548
1201 2695
1207 2069
1209 2730
1209 2887
1209 2039
1210 1515
1211 1441
1211 2682
1213 1657
1213 2849
1214 1231
1215 1264
1215 2882
1215 2283
1215 1452
1215 2458
1215 2584
1216 2120
1217 1791
1218 2111
1219 2859
1221 2419
1223 2634
1223 2650
1223 2018
1223 2087
1224 2117
1224 2583
1225 2099
1225 2245
1225 1318
1225 1695
1225 2460
1226 1431
1226 2219
1226 2049
1226 1714
1228 2799
1228 2362
1228 1918
1230 1276
1231 1375
1232 1735
1233 1749
1234 2715
1234 1826
1234 1323
1235 2338
1235 2764
1235 1375
1235 2553
1235 2391
1235 2212
1235 2048
1236 2471
1237 2835
1237 2822
1238 1434
1238 1952
1238 1837
1238 2560
1239 2993
1240 2225
1241 1493
1242 1775
1242 1282
1244 2421
1246 2333
1246 2846
1246 2062
1247 1340
1247 2563
1247 2493
1249 1288
1250 1620
1251 2785
1251 1632
1251 2212
1251 2880
1252 1634
1252 1554
1253 1803
1254 2081
1255 2598
1257 1484
1257 2768
1257 2620
1258 1336
1258 2099
1258 1541
1259 2952
1259 1260
1259 2895
1260 2837
1260 1377
1261 2612
1261 2280
1261 1262
1263 2606
1263 2137
1264 2888
1265 2751
1266 2469
1268 2028
1268 1292
1269 1271
1269 1688
1269 2467
1270 2442
1271 2025
1271 1667
1272 2748
1272 2017
1273 2520
1273 2401
1274 1979
1275 2420
1275 2831
1276 1442
1276 1893
1277 2489
1277 1605
1278 2451
1278 2686
1278 2741
1279 2838
1279 2423
1279 2320
1279 2489
1280 2955
1280 2597
1280 1994
1280 1771
1283 1518
1283 1963
1284 1480
1284 2890
1286 2102
1286 2551
1286 1678
1287 1642
1288 2886
1289 1750
1289 1605
1289 2016
1289 1352
1289 2005
1289 2952
1290 2865
1291 1779
1291 1544
1291 1316
1292 2779
1292 2351
1294 1439
1295 2198
1296 2202
1298 2799
1298 2210
1299 2182
1299 2524
1302 2028
1303 2025
1303 2114
1303 1334
1303 2706
1303 1644
1304 2110
1304 1925
1305 2317
1306 1716
1307 1385
1307 1758
1307 2952
1307 1637
1307 2673
1307 2686
1307 2549
1308 1804
1309 2726
1309 1650
1310 1790
1312 2786
1313 2949
1314 1559
1314 2478
1314 2830
1315 2261
1315 2885
1316 1591
1317 2863
1317 2894
1318 2535
1318 2913
1320 2902
1321 1708
1321 2400
1322 2051
1323 2588
1323 2765
1323 1663
1324 2107
1325 2557
1326 1789
1327 2878
1328 2146
1330 2512
1330 1542
1331 2110
1331 1702
1331 2998
1332 2923
1334 2236
1334 2198
1334 2309
1334 1616
1334 2981
1334 2770
1335 1869
1336 2114
1337 2759
1337 1808
1337 1540
1338 2381
1338 2108
1339 2487
1340 1995
1340 1944
1341 1501
1341 2477
1341 1915
1342 2197
1342 2212
1343 2264
1343 1795
1343 2405
1344 1371
1345 1494
1345 1455
1346 1942
1347 2967
1350 2827
1350 1904
1351 1465
1351 2417
1352 2921
1352 2668
1352 2360
1352 1555
1353 2982
1353 1707
1354 2733
1355 2821
1356 1420
1356 2618
1357 1735
1358 2994
1358 2124
1359 2920
1360 2378
1362 2304
1363 1638
1363 1783
1364 2009
1365 2134
1365 2851
1366 1526
1367 2428
1367 2228
1367 1689
1368 1971
1369 2838
1370 1413
1370 2259
1371 2243
1372 2588
1373 1716
1373 1614
1374 2372
1374 2499
1375 1845
1375 2459
1376 2276
1378 1758
1379 2980
1379 1607
1379 2290
1381 1385
1381 2457
1381 2968
1381 1997
1382 1736
1382 2422
1383 2214
1385 1883
1385 1425
1386 1805
1389 1420
1390 2967
1392 2950
1395 2851
1395 2465
1398 2067
1399 1903
1399 2880
1399 2737
1401 2558
1401 1628
1401 2281
1402 1790
1402 1679
1403 2206
1403 1476
1404 2426
1404 2139
1404 2117
1404 2214
1405 1856
1406 1470
1409 2545
1409 2916
1410 2420
1411 1978
1412 2762
1413 1875
1413 2446
1413 2489
1413 2282
1413 2411
1414 2547
1414 2285
1415 2464
1415 2939
1416 2551
1417 2398
1417 2935
1417 2343
1418 1494
1418 2819
1418 2015
1418 1675
1418 1440
1418 1740
1419 1853
1420 1941
1421 2961
1422 2358
1424 2449
1427 1977
1429 1763
1430 1725
1431 2733
1431 2290
1431 2064
1431 1453
1431 2668
1433 1903
1434 1480
1434 2598
1434 2041
1434 2749
1435 1609
1437 2778
1439 2007
1441 2810
1441 1842
1441 1981
1442 2921
1442 2531
1442 2974
1443 1771
1444 2056
1445 2214
1446 1673
1448 2660
1450 2395
1450 2677
1451 2952
1451 2802
1451 1843
1452 1917
1452 3000
1453 2742
1454 2760
1457 2445
1457 2262
1457 2873
1457 1707
1457 2749
1458 2384
1460 2721
1460 2559
1460 1736
1461 1490
1462 2546
1464 2548
1466 2780
1466 1834
1467 2767
1468 1977
1468 1504
1468 2186
1470 1697
1470 1648
1471 2759
1471 1821
1472 2773
1474 2228
1477 1967
1477 2853
1477 1852
1479 2383
1479 1624
1480 2179
1481 1538
1482 2903
1483 2137
1484 2024
1484 2964
1484 1781
1484 2486
1485 1933
1485 1898
1486 2937
1486 1880
1486 2525
1488 2957
1489 2316
1489 2798
1490 1727
1490 2668
1490 1723
1491 2463
1493 2449
1494 2375
1495 2914
1498 1651
1500 2879
1500 2921
1500 2162
1500 2158
1500 2611
1500 1744
1500 2002
1500 1843
1501 1801
1503 2589
1504 2259
1504 2862
1505 2562
1506 2873
1508 2181
1509 2209
1509 1753
1509 1520
1510 2018
1511 2621
1512 1840
1512 2455
1512 1544
1513 2802
1513 1596
1514 1904
1515 2287
1516 2595
1517 2177
1518 2936
1519 1639
1520 1762
1521 2060
1521 1941
1522 2780
1522 2986
1522 1915
1523 2764
1523 2110
1523 2113
1524 1916
1525 2384
1526 2093
1530 2218
1530 2092
1531 2831
1534 1871
1535 2466
1536 2197
1536 1673
1536 2277
1536 2844
1537 2135
1539 1591
1540 2957
1540 2008
1541 1787
1542 1830
1542 2946
1543 2417
1544 2468
1544 2926
1545 2696
1545 1611
1545 2326
1546 2067
1547 2558
1547 2102
1549 1747
1549 1711
1550 2927
1550 2944
1551 2985
1552 1849
1552 2806
1553 1803
1553 2465
1553 1958
1554 2648
1555 2086
1556 1793
1558 2468
1558 2620
1558 2901
1561 2957
1562 2103
1562 2880
1563 1586
1565 1935
1565 2519
1565 2216
1565 1609
1565 2844
1566 2525
1567 2336
1568 2096
1569 1759
1569 2517
1570 2145
1571 2559
1572 2600
1572 2400
1572 1783
1573 1908
1574 2122
1575 1671
1577 1920
1581 2114
1582 1757
1582 2754
1582 1623
1582 2443
1583 2141
1583 1821
1584 2810
1585 2257
1585 2099
1586 1985
1588 1599
1591 2082
1593 1992
1594 1749
1595 2293
1595 2390
1595 2597
1595 2405
1597 2514
1598 1941
1600 2291
1601 1726
1605 2869
1605 2332
1606 2160
1608 2102
1608 2788
1610 1746
1610 2949
1611 1923
1613 2438
1616 2171
1616 2058
1617 2071
1617 2275
1618 2610
1618 2232
1618 1982
1619 2212
1620 1878
1620 2754
1621 2539
1622 1729
1622 2181
1623 1961
1626 1795
1626 2072
1627 2728
1630 2819
1632 1813
1632 2787
1633 1732
1633 2622
1633 2572
1634 2742
1635 1719
1637 2633
1637 1656
1638 2901
1639 1770
1640 1846
1640 2093
1641 2408
1643 1772
1646 2801
1647 2200
1648 2057
1648 2813
1648 2064
1648 1779
1648 2029
1649 2606
1651 2601
1652 2501
1654 2852
1654 1937
1657 2289
1657 2217
1657 2278
1659 2904
1659 2467
1660 2537
1661 1763
1661 2332
1662 2299
1663 2818
1663 1707
1664 2538
1664 2855
1665 2549
1666 2931
1668 1687
1670 2313
1670 2373
1670 2612
1670 2339
1671 1987
1672 2359
1674 2064
1675 2600
1676 2464
1677 2039
1679 2853
1679 2596
1679 2345
1681 1979
1682 2809
1684 2970
1684 1709
1685 2964
1686 2488
1687 2952
1687 2523
1687 1731
1687 2953
1688 2601
1688 2718
1688 1735
1688 2209
1688 2594
1688 2919
1688 2511
1688 2360
1688 2318
1689 2349
1689 2705
1689 2224
1689 2211
1690 2029
1690 2944
1690 1988
1690 2498
1691 1698
1692 2755
1693 2382
1694 2645
1695 2318
1696 2873
1696 2730
1696 2350
1697 2344
1699 2848
1699 2034
1699 2142
1699 2022
1699 1960
1700 2159
1701 2130
1701 2975
1702 2929
1703 1715
1704 1781
1705 1791
1706 2159
1707 2008
1707 2397
1710 2902
1712 1928
1712 2145
1713 1772
1714 2945
1715 1814
1716 2951
1718 2631
1719 2825
1719 1729
1719 2519
1719 2700
1720 2784
1720 2521
1721 2161
1722 2909
1723 2156
1725 2461
1726 1941
1727 2046
1728 2117
1728 2396
1728 2896
1729 1806
1731 2213
1732 2313
1732 2327
1733 2451
1734 2721
1735 2937
1735 2270
1735 2250
1736 2699
1737 2963
1738 2978
1741 2031
1741 2761
1741 1914
1741 1829
1742 2718
1744 2678
1744 2950
1746 2627
1746 2216
1746 2182
1746 2998
1747 2818
1747 2368
1748 1954
1750 2751
1750 1959
1751 2869
1752 2766
1752 2060
1754 2390
1754 1760
1756 2948
1757 2656
1758 2306
1758 1918
1758 1810
1758 1911
1759 1902
1760 2677
1761 2389
1763 2865
1763 2951
1765 2435
1768 1822
1770 2993
1770 2336
1771 2820
1774 2205
1775 1938
1775 2138
1776 2585
1776 2548
1776 2599
1777 1920
1778 2829
1778 2461
1780 1984
1780 2694
1782 2936
1783 2635
1784 2720
1786 2095
1787 2194
1787 2166
1788 2264
1789 1985
1790 2267
1790 2418
1791 2511
1791 2667
1792 2250
1795 2818
1795 2170
1797 2505
1798 2123
1799 2129
1800 2730
1800 2913
1801 2744
1801 2010
1801 2044
1803 2737
1804 2138
1805 2253
1805 2765
1807 2122
1809 2323
1809 2772
1812 1818
1813 2912
1813 2632
1813 2784
1813 2798
1814 1998
1820 2599
1822 1895
1824 2825
1824 1946
1825 2251
1825 2347
1827 1844
1828 1967
1829 2811
1829 2382
1829 2876
1831 1966
1831 2891
1832 2851
1833 2558
1835 2751
1837 2196
1838 2933
1838 2766
1839 2116
1840 2387
1842 1867
1842 2852
1843 2230
1843 2196
1845 2681
1846 2590
1847 2117
1847 2702
1848 2537
1849 2233
1853 2050
1854 2814
1857 2249
1857 2272
1859 2679
1859 2400
1861 2716
1864 2208
1866 2124
1867 2979
1867 2102
1869 2471
1869 1891
1869 2055
1869 2083
1869 2580
1872 1997
1875 2877
1876 1983
1878 2231
1879 2760
1880 1901
1881 2751
1881 2288
1882 2657
1884 2588
1885 2226
1886 2617
1886 2185
1887 2198
1888 2058
1890 2532
1892 2453
1892 2183
1893 2407
1894 2919
1896 2112
1897 2023
1901 1912
1902 2619
1902 2550
1902 1952
1902 2532
1902 2949
1903 2102
1903 2785
1904 2448
1904 2589
1904 2188
1905 2597
1907 2742
1908 2921
1909 2136
1910 2193
1913 2905
1915 2666
1917 1962
1918 2179
1918 2066
1918 2170
1919 2412
1920 2281
1920 2527
1920 2477
1920 2705
1921 2916
1921 2526
1922 2940
1923 2879
1923 2077
1924 2612
1924 2187
1925 2117
1926 2162
1926 2791
1929 1967
1930 2384
1931 2445
1932 2298
1933 2264
1935 2111
1938 2185
1938 2422
1938 2365
1939 2934
1940 2420
1942 2993
1942 2941
1944 2340
1945 2189
1945 2294
1945 2388
1945 2621
1950 2689
1951 2003
1951 2546
1952 2913
1953 2137
1954 2700
1956 2733
1957 2605
1959 2576
1960 2336
1960 2176
1960 2346
1961 2732
1964 2892
1967 2987
1967 2973
1968 2667
1969 2213
1970 2615
1973 2375
1975 2764
1975 2100
1975 2365
1975 2855
1975 2894
1975 2624
1975 2602
1975 2046
1977 2338
1977 2872
1978 2266
1978 2431
1979 2355
1980 2983
1980 2646
1984 2120
1987 2279
1987 2560
1988 2631
1992 2705
1993 2313
1993 2797
1994 2974
1995 2242
1997 2456
1999 2863
2000 2850
2005 2503
2006 2624
2007 2811
2008 2120
2008 2269
2009 2910
2011 2828
2012 2959
2012 2040
2012 2184
2016 2979
2018 2728
2022 2367
2022 2294
2026 2277
2028 2628
2029 2370
2029 2121
2029 2570
2034 2296
2034 2048
2035 2603
2035 2194
2036 2111
2036 2650
2039 2504
2041 2993
2043 2867
2043 2821
2044 2372
2044 2921
2044 2254
2044 2981
2045 2466
2045 2529
2045 2153
2047 2470
2051 2753
2052 2205
2052 2394
2052 2273
2053 2310
2054 2980
2055 2319
2056 2720
2056 2625
2057 2767
2057 2229
2059 2250
2061 2976
2062 2678
2064 2602
2064 2455
2065 2268
2068 2154
2069 2204
2070 2595
2072 2728
2074 2698
2074 2984
2079 2631
2081 2329
2081 2280
2081 2624
2082 2761
2082 2317
2084 2427
2085 2216
2086 2654
2087 2802
2087 2175
2087 2689
2090 2690
2098 2447
2098 2171
2099 2694
2099 2862
2099 2660
2100 2408
2101 2400
2101 2133
2103 2693
2105 2983
2105 2427
2107 2243
2107 2393
2112 2848
2114 2884
2115 2737
2117 2597
2117 2470
2118 2927
2120 2976
2121 2606
2123 2893
2124 2674
2124 2255
2124 2396
2128 2615
2130 2443
2131 2818
2131 2410
2133 2565
2134 2222
2135 2462
2135 2965
2136 2470
2138 2509
2139 2652
2140 2143
2140 2385
2141 2449
2144 2479
2145 2343
2149 2819
2149 2282
2149 2867
2150 2744
2154 2790
2159 2331
2159 2631
2160 2522
2161 2508
2162 2800
2162 2234
2164 2384
2165 2591
2165 2210
2168 2326
2169 2389
2170 2600
2174 2510
2176 2692
2176 2187
2179 2483
2180 2595
2180 2379
2181 2693
2182 2387
2182 2506
2185 2825
2187 2674
2187 2208
2188 2315
2189 2272
2190 2923
2191 2599
2194 2897
2197 2775
2200 2244
2203 2894
2203 2307
2203 2314
2203 2719
2205 2348
2212 2323
2214 2788
2214 2811
2216 2610
2216 2438
2216 2243
2220 2844
2221 2364
2223 2477
2224 2367
2225 2775
2226 2657
2226 2659
2226 2532
2227 2938
2227 2430
2228 2533
2229 2658
2229 2406
2232 2292
2233 2296
2236 2538
2240 2734
2247 2733
2248 2763
2248 2942
2249 2250
2252 2931
2254 2632
2256 2764
2256 2753
2256 2390
2257 2539
2259 2455
2261 2502
2264 2297
2265 2685
2266 2807
2268 2519
2268 2961
2270 2783
2270 2283
2271 2842
2274 2982
2275 2678
2283 2814
2283 2938
2285 2815
2287 2894
2289 2759
2289 2349
2290 2692
2293 2425
2293 2359
2294 2674
2295 2964
2295 2435
2297 2526
2297 2385
2302 2750
2303 2843
2304 2338
2305 2409
2305 2943
2308 2568
2308 2526
2311 2803
2312 2405
2317 2587
2318 2517
2320 2786
2320 2747
2322 2774
2322 2768
2323 2345
2323 2853
2323 2519
2330 2510
2333 2938
2333 2853
2336 2648
2336 2701
2344 2714
2350 2860
2351 2742
2352 2503
2353 2360
2356 2657
2358 2886
2358 2885
2363 2835
2363 2481
2365 2489
2365 2873
2367 2820
2370 2597
2371 2633
2372 2471
2375 2829
2375 2838
2376 2557
2376 2648
2377 2854
2381 2837
2383 2519
2388 2629
2389 2693
2390 2853
2396 2405
2405 2991
2406 2813
2409 2854
2412 2523
2413 2841
2418 2645
2421 2776
2421 2748
2422 2820
2426 2819
2434 2746
2437 2515
2440 2928
2440 2537
2443 2736
2444 2902
2445 2569
2447 2750
2451 2512
2451 2928
2452 2979
2458 2744
2459 2997
2461 2465
2462 2488
2467 2625
2470 2708
2470 2913
2471 2577
2471 2912
2473 2558
2473 2755
2474 2782
2474 2762
2474 2543
2482 2999
2488 2947
2490 2511
2491 2597
2492 2526
2497 2542
2498 2724
2499 2827
2511 2570
2511 2880
2516 2653
2518 2568
2519 2524
2519 2521
2523 2634
2526 2760
2526 2984
2528 2805
2529 2607
2534 2748
2538 2955
2539 2776
2540 2849
2543 2743
2547 2838
2548 2776
2548 2913
2552 2784
2553 2932
2556 2958
2558 2871
2560 2733
2565 2846
2570 2950
2574 2601
2581 2666
2582 2877
2588 2881
2593 2896
2595 2883
2595 2957
2597 2758
2599 2638
2601 2792
2606 2823
2606 2858
2607 2742
2612 2771
2623 2862
2624 2999
2627 2819
2627 2713
2629 2825
2637 2660
2637 2816
2639 2670
2642 2651
2648 2956
2650 2814
2650 2948
2651 2904
2655 2954
2666 2691
2671 2706
2672 2723
2672 2779
2673 2852
2674 2721
2680 2921
2683 2993
2686 2994
2692 2755
2693 2925
2696 2828
2698 2851
2699 2880
2699 2814
2700 2914
2705 2812
2707 2866
2709 2747
2711 2890
2714 2856
2714 2883
2718 2948
2722 2785
2729 2835
2730 2823
2730 2885
2732 2739
2733 2738
2739 2855
2741 2902
2742 2853
2742 2841
2746 2950
2750 2933
2752 2796
2762 2977
2763 2989
2764 2774
2773 2958
2773 2993
2775 2999
2782 2956
2788 2991
2794 2802
2799 2804
2821 2958
2823 2974
2825 2885
2831 2992
2835 2962
2848 2927
2850 2974
2854 2951
2855 2951
2864 2969
2877 2917
2879 2916
2879 2885
2885 2987
2892 2990
2906 2987
2932 2951
2938 2967
2952 2971
