1500 2397
1 1462
1 1127
1 912
1 526
1 1051
1 770
1 594
2 685
2 1183
3 270
3 1066
3 1100
4 53
5 544
5 978
5 155
5 835
6 596
6 957
6 1099
6 320
7 1263
7 617
8 914
8 616
8 1342
8 465
9 1368
9 711
9 489
9 648
10 392
10 1025
10 851
11 480
11 1391
11 90
11 584
11 829
11 546
11 984
11 69
12 216
13 528
13 329
13 1331
13 916
13 188
14 1001
14 190
15 923
15 608
15 476
15 74
15 1336
16 381
16 673
16 181
16 31
16 481
17 1412
18 273
18 207
18 329
18 1177
18 181
18 1260
19 1500
20 1434
21 28
21 1114
21 85
21 146
21 449
21 567
22 357
22 250
22 514
23 457
24 995
24 75
24 1109
24 1335
25 939
25 913
25 1377
26 1273
26 626
26 478
26 565
26 370
26 1090
26 1414
26 699
26 581
26 508
27 1260
27 1234
28 853
28 1207
28 308
29 388
30 386
31 274
31 1438
31 599
31 1420
32 372
32 911
33 437
33 193
34 1203
34 1500
34 904
34 217
34 959
34 855
35 1078
35 1074
36 1371
37 71
38 1051
39 290
39 1268
40 424
40 1231
41 202
41 819
41 1416
41 62
41 1476
42 498
42 414
42 556
43 486
43 600
43 239
43 1137
43 435
43 1117
44 796
45 927
46 696
46 475
46 670
47 130
47 1144
47 1285
48 1444
48 1453
48 1092
49 165
49 414
49 486
49 1450
49 1360
49 1269
50 804
50 1095
50 530
50 1223
50 1120
50 329
50 57
50 1497
51 258
51 350
51 550
52 1006
53 448
54 876
54 951
54 672
55 1307
55 239
56 1226
56 547
56 94
57 1157
57 538
58 1246
58 1278
58 284
58 1378
58 1087
58 1071
58 69
59 496
60 1344
60 1130
60 1291
60 1414
60 1308
61 1031
62 202
62 959
62 657
62 915
62 1149
63 283
64 610
64 906
64 958
64 174
64 722
64 166
65 789
65 1399
65 867
66 1089
66 1149
66 1064
66 1303
66 168
66 131
67 471
68 1427
68 503
68 1482
68 1352
68 248
68 549
69 1187
69 1040
70 676
70 820
70 250
70 608
70 1331
70 721
71 1395
72 222
73 1372
74 1189
74 401
74 1249
74 223
75 1374
75 1043
75 674
76 257
77 1049
77 360
77 1235
77 1058
78 676
78 166
78 1316
78 628
79 1422
79 1310
80 199
80 1495
80 1194
81 580
81 629
81 258
81 117
81 852
81 838
81 874
82 705
82 883
83 161
83 568
84 273
86 1480
86 164
86 639
86 693
86 287
87 1046
87 543
87 1213
88 496
88 732
88 1368
88 1044
88 881
88 1279
89 1434
89 1363
89 804
89 388
89 660
90 556
91 1135
91 779
92 387
93 749
93 1195
94 963
94 663
95 871
95 1183
96 200
96 1343
97 1041
97 315
98 1427
98 1211
98 427
98 357
99 478
99 210
100 1260
100 429
101 437
101 1496
102 1422
102 1167
102 203
102 252
102 1026
102 1335
103 495
103 182
103 1242
104 352
104 997
104 393
104 1381
104 486
104 208
105 411
105 603
106 498
106 305
107 537
107 1055
108 528
108 721
108 1042
108 343
109 687
110 505
110 169
110 1498
111 190
111 474
111 1463
111 137
111 1293
111 851
112 1168
112 854
113 297
113 1451
114 1463
114 291
115 434
115 993
115 1064
116 385
118 749
118 1136
118 484
118 672
118 445
118 668
119 1487
120 906
120 731
121 161
121 424
121 1373
121 953
121 1260
122 606
123 1314
124 596
124 1317
124 446
125 1432
125 381
125 1060
125 888
126 130
126 1072
126 966
126 1001
126 706
126 1474
127 607
127 232
128 661
128 936
128 1246
129 621
129 542
129 333
130 528
130 1376
130 1332
130 1344
130 1358
130 407
131 850
131 345
131 462
132 1403
132 809
133 1218
133 677
134 796
134 596
134 451
134 827
135 468
135 791
135 206
136 1248
136 525
136 960
136 767
136 164
137 1429
137 1375
138 312
138 1150
138 1053
139 888
139 299
140 1116
141 755
142 760
142 745
143 1255
143 640
143 542
143 1383
144 295
144 250
144 147
144 414
144 1151
144 1129
144 477
145 279
146 987
146 779
146 481
146 619
146 792
147 1134
147 300
147 1378
147 223
147 705
147 299
147 1268
147 775
147 656
147 1288
147 946
147 502
147 379
148 1177
148 794
148 662
149 1061
149 910
149 940
149 507
149 1420
150 448
150 518
151 184
151 250
152 885
152 896
153 807
153 272
153 1254
153 897
153 603
154 1191
155 1097
155 1046
156 528
156 1303
156 782
156 350
157 537
157 793
158 214
158 776
158 1053
158 1488
158 487
158 330
159 861
159 404
159 777
159 182
159 979
159 870
159 359
160 1101
161 879
161 691
162 626
162 900
163 1459
164 280
164 263
164 629
165 1421
165 740
166 1410
166 741
167 340
168 826
168 1369
168 1388
170 1165
170 385
170 1241
170 446
171 836
171 754
172 599
172 1500
173 717
173 1336
173 637
175 629
175 1166
175 1317
175 695
175 779
176 618
176 842
177 1139
177 1317
177 799
178 1299
179 831
179 736
180 987
180 1440
180 704
180 1129
181 589
182 188
182 1449
182 1040
182 231
182 285
183 900
183 471
184 1316
184 1340
185 1270
186 1331
186 1457
186 944
187 1019
187 1315
187 1229
188 296
188 1434
188 620
189 237
189 1296
189 1472
190 220
190 1444
190 1086
190 1299
190 718
190 646
190 905
190 1381
191 1072
191 766
191 264
192 696
192 1173
193 1291
194 1165
195 1030
196 230
196 1303
197 1493
198 674
198 374
198 1320
199 352
200 1439
200 305
200 1340
201 580
201 504
202 528
202 618
202 806
203 358
203 1466
203 973
203 1227
204 561
205 1264
205 1348
205 898
205 1226
205 375
206 385
206 918
206 700
206 670
207 497
208 499
208 1251
209 761
210 1032
210 339
210 252
211 916
211 1317
212 1244
212 590
212 313
213 690
214 1165
214 1230
214 1313
215 1497
215 1089
215 226
216 1288
216 1305
216 1430
216 833
217 291
218 998
218 892
219 947
220 1480
220 352
220 1132
220 540
220 738
220 969
221 1169
221 679
222 562
223 530
223 1043
223 561
224 487
224 825
225 1091
226 1351
226 1303
226 717
227 1218
227 907
228 852
228 1247
228 839
228 311
229 1268
229 864
229 477
230 816
231 273
231 512
231 1221
231 1129
231 270
232 938
232 1132
232 369
233 633
233 583
233 550
234 649
234 982
234 936
234 1473
235 565
236 525
236 1183
236 1065
236 1358
236 720
236 1403
236 1097
237 353
237 246
237 1070
237 954
238 980
238 832
238 1049
239 274
239 535
239 802
239 794
239 697
239 883
240 578
240 261
241 1311
241 903
241 368
242 807
242 392
243 1330
243 383
243 958
243 641
244 1307
244 924
244 1169
244 750
245 816
245 1236
246 603
246 693
247 799
247 676
248 484
249 537
250 873
250 603
250 794
250 1313
250 992
250 1455
251 720
252 877
252 1416
252 1201
253 1032
253 1358
254 271
254 1209
255 628
255 571
256 354
256 908
257 483
258 460
258 878
259 1169
260 1106
260 1411
260 1090
260 663
262 493
263 994
263 289
263 662
263 965
264 1497
264 1344
265 1167
265 452
266 310
266 1077
267 1422
267 1134
267 869
268 1384
268 1053
268 653
268 456
269 471
269 843
270 910
270 668
270 730
270 409
270 615
270 923
271 735
271 1087
271 795
271 337
271 1266
271 1239
272 643
272 527
273 952
273 343
273 1193
273 1242
274 510
274 356
275 769
276 425
276 795
276 1423
277 905
277 1258
278 1165
278 970
279 1262
280 1111
281 412
281 1378
281 604
282 987
283 448
283 1483
283 685
283 1209
284 718
285 1309
285 1317
285 982
285 878
285 454
286 572
286 1253
286 1023
286 699
286 348
286 856
287 1409
288 303
288 757
288 1476
288 571
289 422
289 1073
289 1138
289 1338
290 1101
290 1330
290 1077
290 1483
290 1453
291 633
292 940
292 717
292 742
293 528
293 1188
294 1497
294 754
294 925
294 1022
294 886
295 940
295 688
297 898
298 902
298 1334
299 671
299 469
299 395
299 461
299 815
299 1150
300 302
301 1101
301 443
301 1420
302 865
302 577
302 930
302 859
303 357
303 1090
303 404
303 1418
303 1128
304 794
304 874
305 1023
306 611
306 888
306 1293
307 1095
308 1246
308 1182
308 1311
308 1284
308 1395
309 1055
310 482
310 804
310 853
310 733
310 403
312 937
312 1177
312 801
312 1329
313 1444
313 1421
313 1389
313 956
314 1360
314 404
314 780
315 911
315 794
316 1157
316 1097
317 664
317 1131
317 1174
318 1145
318 1360
319 703
319 606
320 752
321 1000
321 1065
322 827
322 977
322 498
322 1155
322 1467
322 451
323 696
323 955
323 976
323 905
323 964
324 474
324 360
324 553
324 1334
325 357
325 372
325 928
326 771
326 551
326 854
327 1291
327 700
327 767
328 1112
329 1480
329 1273
329 749
329 1424
329 931
329 681
329 939
329 754
329 1166
330 1393
330 1180
330 1126
331 691
331 1151
331 1353
332 528
332 850
332 1345
332 670
332 443
332 488
333 1197
333 1351
333 805
334 1449
334 1163
334 1140
335 545
335 342
335 423
336 1006
336 348
336 1092
337 712
337 1477
337 560
338 1265
338 855
340 775
341 428
341 887
341 1306
343 1250
343 1129
343 1052
343 692
343 965
343 1132
343 691
344 536
345 379
345 725
346 852
347 796
347 454
348 485
348 926
348 633
348 1053
348 900
348 1274
348 387
349 411
349 1218
349 390
349 910
350 1259
350 1387
350 566
351 406
352 652
352 696
352 667
352 573
352 1207
352 1212
353 1215
353 641
353 740
354 542
355 831
355 743
355 1162
357 1165
357 390
358 789
358 1185
359 406
360 741
361 408
361 1491
361 831
361 1370
362 952
362 1282
362 911
362 1229
362 465
363 587
364 394
364 1363
364 1291
365 723
365 477
365 479
365 920
365 1050
366 1089
367 869
367 837
369 574
370 720
370 586
370 673
371 618
371 1210
371 1380
371 1471
372 1277
372 429
373 1132
373 1357
373 900
373 715
374 1348
375 1445
375 1052
376 1243
376 1053
377 1360
378 688
378 1169
380 1329
380 534
381 1358
382 1273
382 589
382 1071
382 712
382 1387
383 464
383 1417
383 430
383 896
383 1218
384 539
386 988
387 1274
387 1384
388 684
388 811
389 873
390 743
390 624
390 758
391 1048
392 1225
392 982
394 510
394 396
394 708
394 713
394 1230
395 409
395 1291
396 798
396 1310
397 398
397 436
398 687
398 1272
399 985
400 732
401 686
402 1325
402 1050
402 1255
402 549
403 673
404 485
404 1170
404 971
405 1273
405 1246
405 1286
405 790
405 1096
406 1244
406 622
407 414
407 740
407 480
408 916
409 582
409 1034
409 1066
410 482
411 796
412 1382
412 426
412 1053
413 1203
413 1334
413 593
413 1137
413 1147
413 1372
413 817
413 1349
414 1270
414 896
414 442
414 854
414 1348
415 1347
415 546
416 869
417 528
417 1467
418 766
419 1459
419 1461
419 1139
419 1054
419 1102
420 1002
420 876
420 1489
421 541
422 1330
422 482
422 1113
424 1036
424 531
425 1004
425 608
425 509
426 655
426 517
427 1462
427 958
427 1299
427 515
428 515
428 905
429 1483
429 686
429 1317
430 1006
431 762
431 728
432 698
432 835
433 1393
433 857
433 1229
433 493
434 952
435 707
435 1428
436 1436
436 1071
436 514
437 1382
437 768
437 1282
438 542
439 1423
439 917
440 937
440 838
441 964
442 729
442 1434
443 944
443 1358
443 1341
444 834
444 1230
445 488
445 1183
445 714
446 1035
447 510
448 1423
448 1371
448 976
449 772
450 484
452 879
452 491
452 1065
452 1395
452 1106
452 1363
452 550
452 1445
452 496
453 1377
453 534
454 1339
454 1499
455 1136
456 1235
456 718
456 1480
456 650
457 638
457 503
458 928
458 967
459 628
459 1413
459 533
459 1098
460 947
462 1194
463 909
463 815
463 1485
463 1115
463 1205
463 793
464 525
465 888
465 1224
465 763
466 1422
466 658
466 834
466 1233
466 1120
466 1043
466 1306
466 768
467 1363
468 541
469 913
469 636
470 771
470 1437
470 959
471 1203
471 1191
471 631
471 828
472 1403
472 1063
472 1468
473 828
473 1043
474 680
474 1216
476 1468
476 1000
477 1129
477 993
477 959
477 519
477 1444
478 943
478 761
478 576
479 1046
479 1237
479 1460
480 1497
480 1290
480 660
480 1160
480 483
481 1124
482 1191
482 1179
482 873
482 645
483 1376
483 796
483 938
483 1020
485 1120
485 816
486 1086
486 979
486 1322
486 1090
487 998
487 1164
487 757
488 904
489 1418
489 778
489 963
490 704
490 754
490 947
491 1214
492 810
492 983
492 750
493 604
494 1177
494 509
494 574
495 547
495 1135
495 1068
495 653
496 537
497 1206
498 874
499 1429
499 1393
500 521
500 1005
501 607
502 1319
502 1068
503 1416
504 1086
504 1158
504 784
504 1064
505 638
505 993
505 1495
506 1127
506 1151
506 1354
506 1239
506 1450
506 950
506 862
507 601
507 1437
508 1004
508 1229
509 1095
509 1236
509 1059
509 773
510 727
510 873
510 515
510 1248
510 690
510 585
510 979
511 1459
511 1450
513 1428
515 1041
515 1324
516 1100
516 1483
516 1076
517 946
519 1412
519 949
519 954
520 758
521 1480
521 1459
521 1059
521 1300
521 1195
521 874
522 923
522 875
523 1382
523 1477
523 945
524 889
524 1475
524 1197
525 855
525 824
525 1455
526 1360
528 873
528 923
528 537
528 755
528 1481
529 1093
530 729
530 1039
530 1031
530 1157
530 1275
530 778
531 883
531 930
532 1092
532 713
533 1495
534 958
534 813
534 647
534 603
535 641
536 998
536 1491
537 1075
537 1256
537 558
539 1343
539 1384
539 1047
540 1331
541 1422
541 666
542 1080
542 1358
542 1285
542 1141
543 1166
544 952
544 1186
544 1312
544 1369
544 1472
544 1012
545 1263
546 1183
547 861
547 1491
548 1106
549 927
550 1378
550 1396
550 905
551 1416
551 1413
552 777
552 791
553 987
553 711
554 945
554 685
554 826
555 1462
555 1122
556 1355
557 1016
557 1129
557 1171
558 673
559 785
559 679
559 1079
560 719
561 727
562 622
562 892
563 815
564 1394
564 1281
567 841
568 592
568 794
568 1093
568 1364
568 751
569 1458
569 1317
569 931
570 1309
571 861
572 1459
572 1257
572 1268
573 1262
573 1184
573 575
573 1002
574 1297
575 587
576 923
576 1057
578 1061
578 833
578 1039
579 1374
580 627
580 1061
580 1165
580 950
580 1020
581 766
581 760
581 1121
582 598
582 1071
585 1390
586 1265
587 669
587 675
588 882
588 1039
589 1441
589 890
589 837
589 944
590 987
590 811
591 1196
591 630
592 1005
592 1311
593 737
593 1346
595 901
596 1245
597 1344
598 1085
599 825
600 689
602 903
603 623
603 982
603 761
603 911
603 1322
604 1478
605 1471
606 1428
606 705
606 1155
606 1447
607 627
607 899
607 694
608 1228
608 1183
608 771
609 1497
609 814
609 1294
609 1166
610 1462
610 1401
610 896
611 1191
611 1084
612 890
613 698
613 716
613 1236
614 1384
615 626
615 1175
615 1170
618 1269
618 1377
618 1487
618 1456
619 705
620 625
620 1483
620 813
621 1178
621 1359
622 672
622 1330
622 1069
622 1264
623 1468
623 961
626 880
626 1162
626 846
627 727
627 777
628 1061
629 732
629 1118
630 975
630 1120
631 696
631 1186
632 1168
632 815
632 1106
633 1067
633 870
633 892
633 1165
634 1036
635 891
635 1356
636 1252
637 1072
637 895
638 1422
638 815
639 875
642 975
642 1463
642 676
644 993
645 1368
645 1051
646 1301
647 1291
648 1424
649 1462
649 1355
650 1222
650 744
651 1336
652 1309
652 748
652 677
652 875
652 1207
653 1046
653 1048
654 990
655 1467
656 1145
657 1109
658 988
658 1460
659 894
659 931
660 799
661 834
661 1335
663 710
663 903
663 1098
663 1427
664 807
664 879
664 1104
664 1272
665 1195
667 1067
667 914
667 1365
667 938
668 699
669 916
669 1491
670 1319
670 1058
670 939
671 1127
671 1443
671 1169
671 730
672 1238
672 1206
674 1136
675 1399
676 756
677 1134
677 959
678 1004
679 1267
679 1028
679 1006
679 1019
680 1159
682 726
682 1195
683 1284
684 862
684 1267
685 1274
686 1317
686 1340
686 1084
687 1222
687 1198
688 1022
688 835
691 1482
692 1206
693 1243
693 1459
695 1077
695 1140
696 1093
696 1291
696 930
696 1057
697 1297
697 945
698 925
699 866
700 746
700 1336
701 799
702 1316
702 884
702 1410
702 732
703 952
703 1176
703 797
705 1341
705 1393
705 1011
705 1043
705 1392
705 1064
705 1297
705 967
706 1209
707 1179
707 1398
707 1494
709 879
711 875
711 1361
711 1302
713 1264
714 1239
715 1395
716 1161
718 1303
719 1152
720 1051
720 1085
723 880
724 1294
726 1382
726 900
726 1436
727 1403
727 1263
727 836
728 920
728 756
729 1022
730 1474
730 1216
731 1253
731 794
732 907
732 1180
732 873
732 837
733 1090
734 1439
734 920
734 1187
735 827
735 1031
736 1386
738 956
739 1149
740 1123
740 1320
741 789
741 1474
741 794
742 1316
742 1052
743 903
744 1147
744 1464
747 1455
747 1164
748 821
748 1093
749 1462
749 1024
749 926
749 878
749 1432
750 1063
750 1247
751 1380
752 834
753 1403
753 805
753 1077
753 1275
755 1465
755 1079
755 1039
755 1390
756 1151
758 1112
758 1427
759 951
760 1290
760 848
761 1312
761 856
761 1056
762 1365
762 1141
764 861
764 1240
765 912
765 1420
769 807
770 834
770 1139
771 853
771 1137
771 947
771 1107
772 1264
773 980
774 1056
774 927
775 1461
775 1399
775 1272
775 1255
777 1297
780 1135
780 1168
781 847
781 1223
781 1271
782 1480
783 1471
783 1323
785 1271
786 1395
786 1338
786 1266
787 1081
787 933
788 912
789 1052
791 1278
791 827
792 1261
792 866
792 874
792 1110
793 965
794 1462
794 1190
794 1430
794 1369
795 916
795 996
795 1277
795 894
796 1008
796 1400
796 800
798 1213
799 1376
801 1372
803 1477
806 1231
806 1431
807 1341
807 1203
807 1112
807 1039
808 947
809 1385
809 1010
810 929
812 1134
812 876
813 865
813 1158
814 1318
814 1289
815 1484
815 978
815 909
815 1496
815 1461
815 1046
816 1392
816 1187
816 895
817 1328
818 1135
818 1285
819 873
822 925
823 1019
823 1099
824 1126
824 1129
825 1271
825 1442
826 940
826 992
827 1127
827 1435
828 1024
828 1428
830 1299
830 1007
830 1031
831 1459
831 1433
831 1133
833 1275
834 1407
834 1429
834 1463
837 987
838 1156
838 1234
840 880
841 1006
841 1025
844 1176
844 1474
845 1263
847 926
847 965
847 1364
848 1360
848 1295
849 1273
851 1178
851 1090
851 1402
851 1249
852 1408
852 932
853 1062
858 1030
859 1246
860 1159
861 1263
861 1412
861 1382
861 876
861 1343
862 1424
863 1326
865 1147
865 1380
867 1414
868 1032
869 1118
870 1273
871 1244
872 912
872 939
873 1497
873 1363
875 1406
875 1447
875 1209
875 1142
876 1094
876 1303
876 1384
876 1060
878 1007
878 1326
879 1304
880 1091
880 1071
882 1246
885 957
885 1027
886 1442
887 978
887 968
888 1382
888 965
889 977
890 933
891 1136
891 1265
891 1283
891 1362
892 1286
892 1256
893 965
894 1463
894 1183
894 1175
895 1204
896 1491
898 1049
900 906
901 1254
901 1361
902 1331
902 994
904 1016
904 1124
905 1304
905 938
907 1124
909 1006
910 1488
911 1198
912 1374
912 1152
912 1217
912 1003
913 1182
914 1017
915 1019
915 1202
916 1154
919 1067
921 1146
921 1022
921 1343
922 1382
924 1118
926 1196
926 1077
927 1388
928 1292
929 1222
929 1120
930 1383
931 1082
932 1151
933 1470
933 1257
934 1011
935 1223
937 1103
938 1418
939 1259
939 991
940 1146
940 1397
941 994
942 1363
944 1129
944 1223
945 1269
946 1037
948 1207
951 1352
952 1497
953 1349
955 962
955 1373
956 1253
956 1022
957 1497
957 1069
958 1108
959 1402
959 1088
960 1352
962 1154
962 1317
963 1127
963 1125
963 1069
964 1024
965 1379
965 1312
967 1146
967 1189
967 1457
968 1032
969 1334
971 1168
972 1120
972 1056
973 1491
973 1223
973 1191
973 1023
973 1339
974 1079
974 1360
975 1008
976 1206
977 1117
978 1031
979 1037
980 1048
980 1087
980 1402
981 1079
981 1238
982 1411
983 1350
985 1392
985 1473
985 1257
986 1419
986 1088
987 1446
988 1405
989 1233
989 1056
990 1263
991 1088
992 1185
993 1330
993 1003
994 1396
995 1129
995 1009
998 1403
998 1495
998 1244
998 1119
998 1486
998 1441
999 1412
999 1399
1000 1446
1001 1069
1002 1218
1002 1010
1004 1364
1004 1232
1005 1264
1005 1071
1006 1462
1008 1195
1012 1312
1012 1128
1013 1161
1013 1064
1013 1487
1014 1429
1015 1100
1018 1406
1018 1274
1019 1332
1019 1078
1019 1085
1021 1497
1022 1492
1022 1331
1024 1264
1024 1199
1025 1387
1028 1399
1028 1334
1029 1407
1029 1334
1030 1461
1032 1134
1033 1373
1033 1050
1038 1352
1039 1090
1039 1091
1040 1081
1040 1282
1041 1080
1041 1316
1041 1394
1043 1416
1043 1374
1045 1455
1046 1423
1046 1147
1046 1200
1047 1363
1048 1216
1049 1313
1052 1238
1053 1429
1056 1388
1056 1208
1056 1433
1059 1425
1061 1353
1061 1182
1064 1257
1065 1500
1065 1424
1065 1253
1067 1419
1069 1138
1071 1361
1071 1284
1071 1495
1071 1394
1071 1308
1072 1172
1073 1222
1076 1089
1079 1218
1083 1464
1083 1308
1087 1246
1088 1251
1089 1483
1090 1450
1091 1321
1091 1168
1093 1285
1098 1405
1101 1316
1102 1228
1103 1235
1103 1276
1105 1444
1105 1247
1107 1249
1107 1200
1108 1462
1108 1454
1108 1390
1110 1256
1113 1497
1114 1151
1115 1185
1116 1341
1116 1404
1119 1121
1123 1135
1127 1311
1129 1187
1129 1197
1131 1218
1133 1199
1136 1313
1137 1393
1137 1234
1143 1242
1144 1282
1145 1253
1145 1201
1145 1202
1148 1203
1151 1229
1153 1274
1157 1235
1157 1327
1160 1480
1160 1410
1160 1441
1166 1416
1169 1341
1171 1244
1177 1453
1178 1462
1178 1228
1179 1260
1181 1479
1183 1451
1183 1484
1184 1236
1184 1386
1187 1218
1190 1302
1191 1263
1191 1347
1191 1479
1191 1366
1191 1321
1192 1248
1193 1367
1195 1500
1196 1244
1198 1364
1198 1212
1198 1215
1202 1262
1206 1276
1208 1444
1213 1386
1213 1493
1215 1424
1217 1444
1219 1394
1220 1394
1220 1408
1222 1424
1223 1344
1223 1261
1224 1476
1226 1442
1226 1310
1227 1418
1228 1343
1229 1466
1230 1396
1230 1492
1231 1266
1233 1463
1234 1480
1234 1430
1235 1376
1236 1270
1236 1298
1238 1398
1242 1265
1243 1412
1244 1297
1244 1444
1248 1423
1249 1387
1249 1437
1251 1263
1251 1439
1253 1401
1257 1442
1257 1334
1260 1396
1261 1441
1264 1339
1269 1278
1269 1421
1270 1497
1270 1325
1274 1347
1274 1307
1280 1387
1280 1362
1283 1402
1287 1378
1288 1455
1301 1339
1301 1333
1301 1378
1301 1474
1301 1328
1302 1461
1304 1327
1304 1362
1306 1337
1308 1330
1312 1314
1319 1489
1320 1341
1326 1347
1328 1372
1329 1394
1330 1354
1332 1336
1336 1384
1341 1403
1360 1468
1361 1467
1366 1489
1368 1372
1370 1383
1371 1448
1375 1415
1377 1493
1377 1490
1383 1401
1383 1408
1388 1429
1393 1458
1419 1469
1421 1452
1422 1495
1422 1426
1426 1467
1455 1498
1494 1495
