3000 4597
1 181
2 179
2 314
2 1811
3 2751
3 1277
3 1332
4 2039
4 796
4 1140
5 801
5 2186
6 1587
6 2934
7 949
7 2660
8 2895
8 2733
8 1131
8 2197
9 2864
9 664
9 690
9 1000
9 2635
9 1439
10 1044
10 1393
10 1188
10 1169
10 2283
10 2413
11 336
11 487
11 2939
11 1055
11 719
12 54
12 2581
13 2415
13 1510
13 2148
14 828
15 759
15 343
16 2142
16 2207
16 240
16 1082
16 1402
17 280
17 2232
17 964
17 1959
17 614
17 2916
17 185
17 1036
17 32
18 1713
18 690
18 1565
19 2940
19 1717
19 1082
19 1642
20 999
20 2258
20 1860
21 898
21 1991
22 1808
23 2810
23 870
23 2160
23 1923
23 2475
23 230
23 547
23 56
24 1467
25 2825
25 2033
25 1057
26 2596
26 2623
26 1563
27 2726
27 2248
27 2403
27 257
28 1423
28 1734
29 1631
30 941
30 1027
31 1017
31 1094
31 453
32 2877
32 2178
32 1208
33 135
33 517
34 669
34 2632
34 845
34 2884
34 1832
35 1637
35 775
35 2915
36 1637
36 2981
37 575
37 772
37 1787
38 54
38 2950
38 1469
38 1255
39 2370
40 256
40 2214
40 1969
41 1554
42 1348
42 2279
43 2969
43 138
43 2376
43 2032
44 1155
44 2225
45 2142
45 1853
45 1228
46 1810
46 2157
46 1053
46 1925
47 1858
47 1215
48 1383
49 2926
50 217
50 1641
51 1573
51 483
51 2409
51 407
51 1661
52 1416
52 1927
52 421
52 2112
52 999
52 458
52 2205
52 543
52 2115
53 1232
53 2140
53 601
53 1805
53 961
54 762
54 1092
54 995
54 518
54 1171
54 1384
55 2787
55 1212
56 1303
56 1929
57 84
57 129
57 872
57 1544
58 1362
58 1835
59 712
59 113
60 1805
60 645
61 535
62 2046
62 372
63 2782
63 1838
63 894
63 780
64 2187
64 1365
65 535
65 1498
65 2980
65 861
66 2997
66 1956
66 1325
66 2747
66 2442
66 2366
66 67
67 1760
67 707
67 408
67 2560
68 2274
68 856
68 2952
69 1758
70 1393
70 2245
71 2990
71 2941
71 1568
72 745
72 760
73 566
73 2403
73 1601
74 1761
74 109
74 2776
75 1274
75 1132
75 1111
75 2014
76 962
77 1265
77 1225
78 899
78 1534
79 1078
79 472
79 2977
79 1712
79 564
79 1743
79 1266
80 1802
80 532
80 1170
81 657
81 280
81 824
81 395
82 2023
83 459
83 2912
83 96
84 2964
85 1176
85 2326
85 1035
85 355
85 285
86 401
87 920
87 523
88 727
88 347
88 1376
88 2655
89 2193
89 1380
90 2495
91 2658
91 1263
91 270
91 1047
91 979
91 1091
92 190
92 401
92 2096
92 2599
92 2564
92 1353
92 2813
93 1370
94 1855
94 2823
94 2285
94 466
94 1587
94 1006
95 1049
95 1967
96 132
97 2139
98 259
98 2555
98 2027
99 1363
99 2546
99 1612
100 2447
101 2846
101 562
101 702
101 671
101 551
101 1217
101 2582
101 374
101 1244
101 1096
102 615
102 2989
102 939
103 2386
104 530
104 2635
104 1926
105 1861
106 2586
106 252
106 2786
107 1799
107 785
107 2778
107 2133
107 2428
108 2031
108 213
108 1396
109 514
109 1646
109 965
110 1351
110 1464
111 1499
112 1861
112 2814
114 2637
114 1714
114 611
115 824
115 158
116 566
116 1368
116 789
117 895
117 1413
117 1806
118 987
118 547
118 1639
119 671
119 2259
119 2073
119 1615
120 713
121 2200
121 185
121 1285
122 1635
123 2785
124 2704
124 1512
125 592
125 863
126 1372
127 190
128 727
128 683
129 2365
130 287
131 1129
131 1833
132 812
132 864
132 500
133 324
133 320
133 2240
134 740
134 2107
134 331
135 2608
135 338
135 2325
136 1903
137 2250
137 270
138 1353
139 2442
139 196
139 1522
139 2198
139 2960
140 2829
140 2398
140 2494
140 2820
140 648
141 2415
141 1122
142 1353
142 2047
142 2141
142 973
142 461
142 1795
142 1805
142 987
143 2385
143 879
143 1701
143 1016
144 770
145 762
145 1423
145 1938
145 276
145 2129
145 1556
145 1372
146 903
147 1817
148 1307
149 781
149 2645
150 895
150 779
150 2750
150 2303
151 2004
152 2098
152 1539
152 2253
152 2298
153 233
154 1530
154 2163
154 2438
154 2599
154 2243
155 2974
155 208
156 2690
156 2366
157 1178
157 1998
157 2130
157 812
157 945
158 2679
159 1471
159 2499
159 2661
160 2845
160 2067
160 2594
160 402
160 2012
160 489
160 520
160 2438
160 2282
161 1721
161 1659
161 697
161 907
161 1533
161 2773
161 982
161 2490
161 654
162 3000
162 2711
162 324
162 1808
163 2501
163 2068
164 2962
164 2371
164 1387
165 1745
166 2728
166 2060
166 1902
166 1578
167 2769
168 2133
169 1810
169 2032
170 1005
171 851
171 1597
171 614
172 448
173 788
173 2471
173 2231
174 2586
174 2489
174 1879
174 1125
174 1419
174 574
175 1908
175 1074
175 678
175 1736
175 2912
176 2861
176 2998
177 444
177 2354
177 1839
177 1380
177 1253
177 870
177 571
178 2773
179 811
179 788
180 1635
180 2264
180 1329
181 1381
181 1657
182 1664
183 1300
183 351
183 2006
184 465
185 1402
185 2979
185 1614
185 323
185 2563
185 1859
185 2733
185 314
185 805
186 1265
186 2013
187 702
188 932
189 1760
189 1812
189 2872
189 1113
190 1483
190 1520
190 747
190 476
190 828
191 2930
191 1934
191 523
192 1651
192 1866
193 1426
193 2037
193 1338
193 1510
194 1586
194 2768
194 1367
195 1537
197 2922
198 1460
198 1935
198 2696
199 618
199 2523
200 1012
200 1911
201 740
201 392
201 2792
202 2107
202 2637
202 1412
203 1982
203 2227
204 2696
204 1049
204 885
204 2922
205 1492
205 1835
205 1470
206 395
206 336
206 1212
206 711
207 2622
207 1862
208 2967
208 1674
208 1322
208 2319
208 431
208 779
209 974
209 2276
210 1830
210 1061
210 412
211 2669
211 1083
212 1054
212 410
212 2083
212 349
212 478
213 2198
214 2305
214 2638
215 1092
215 1162
215 1003
215 2669
215 2923
216 1532
216 2931
216 2681
216 1889
217 2248
217 688
217 1021
217 799
217 1996
217 634
218 2942
219 487
220 382
221 2860
221 239
221 1243
221 1245
222 1153
223 2743
224 2273
224 2900
224 1893
224 2417
225 1992
226 1007
226 1691
226 2065
226 2804
227 2896
227 2506
228 385
229 386
229 2821
229 2284
230 382
230 995
230 797
230 2346
231 591
231 1463
231 1380
231 1948
232 2512
232 1409
232 620
232 1859
232 2391
233 536
234 1500
234 2317
234 1366
234 517
235 1381
236 1852
236 2590
236 1711
236 1094
237 302
237 2689
237 1319
237 2582
238 1743
240 2740
240 503
240 2805
240 367
241 1983
241 1926
241 1786
241 344
241 745
242 2169
242 275
243 2003
243 1205
244 1752
245 2400
246 1998
247 1152
248 2216
248 2773
248 1413
248 349
249 1044
250 1773
251 2042
251 1807
251 1670
251 2204
252 2368
253 729
253 1582
253 2103
253 305
253 2425
254 2885
254 1325
254 1677
255 2548
255 1471
255 2243
255 814
256 1054
256 1381
256 1260
256 2789
256 515
256 2420
257 302
258 1732
258 1513
258 1858
259 862
259 378
260 2051
260 2770
261 2330
261 2463
262 2406
262 913
263 982
263 734
263 2545
264 1578
264 2776
265 683
265 744
265 1516
266 2539
266 2552
266 1880
267 2548
267 1751
267 480
267 1633
267 2307
267 1419
268 1764
269 2483
269 1221
270 1639
270 1427
270 320
270 1659
270 1030
270 2710
270 1213
270 760
271 2053
271 603
271 1882
271 2910
271 1217
272 2309
273 1811
273 438
273 2017
274 1648
275 970
275 2750
275 1022
276 327
276 1146
277 2733
277 2135
277 2402
278 627
278 499
278 1026
278 974
278 1125
279 1479
279 1019
279 1090
279 2586
280 2564
280 1930
281 1876
281 1886
281 919
282 2147
282 1389
282 1399
283 1255
283 2428
284 695
285 607
285 839
286 1221
286 1841
286 1625
287 2761
287 2715
287 519
287 1801
288 808
288 949
288 1222
289 332
290 2566
290 1977
291 2024
292 1792
293 1643
294 472
294 1418
294 2647
295 2642
295 1249
295 818
295 2951
295 2516
296 869
297 1493
297 1047
298 702
298 1450
298 2288
298 527
298 2832
299 708
299 1803
299 2487
299 2677
300 1316
300 2381
300 1963
301 1805
302 2339
303 1240
303 2710
304 2644
304 1085
306 390
306 2232
306 1307
307 2575
307 2925
308 1665
308 1362
309 386
309 1052
309 1138
309 755
310 1402
310 1714
311 915
311 832
312 2095
312 990
313 1012
315 1668
316 1530
316 1198
317 878
317 379
318 2717
318 2209
318 751
318 330
319 1162
319 1134
319 701
319 2610
319 823
320 2241
320 1471
321 2056
321 584
321 1307
322 1008
322 2995
323 2514
323 598
323 2097
324 1190
324 2801
324 1325
325 1510
326 393
326 647
327 1175
328 948
328 1994
329 1010
329 457
329 1360
330 1836
330 1822
330 965
331 737
332 1432
332 2152
332 1039
333 2800
333 1662
333 2468
334 1099
334 910
334 1521
335 2288
335 1041
335 2194
336 1743
336 2654
336 1866
336 1836
336 2207
336 2493
336 1814
337 609
337 1672
339 483
339 693
340 729
340 2005
340 2242
341 2942
341 2233
342 702
342 2949
342 544
342 974
342 1221
342 2820
342 1998
343 1418
344 2352
345 2675
346 1907
346 2497
346 745
346 1853
348 483
349 2295
349 2649
349 2726
350 642
351 881
352 2147
352 1913
352 2669
353 1047
353 1997
354 462
354 1977
355 2428
355 2460
355 1221
355 1119
356 1248
356 1304
357 1378
357 1824
357 2528
358 2500
358 1450
359 630
359 1364
360 2118
360 2176
360 2999
361 1381
361 933
361 2978
361 1364
362 1025
362 1074
362 977
363 2069
363 1966
363 2717
363 1242
363 741
364 2645
364 2403
365 2621
365 956
365 1953
366 1127
366 883
366 376
367 1375
367 2094
368 1492
368 1090
368 2375
369 1054
369 2734
369 1221
369 1978
369 1612
369 1457
369 2393
370 2185
371 1025
373 2820
373 666
373 2231
373 2571
374 2637
374 1802
374 1600
374 2190
375 1715
376 2853
376 1746
376 2654
376 474
377 2117
377 2205
378 1826
378 1286
378 1868
379 1228
379 725
379 1438
380 1337
381 1109
382 514
382 2844
382 2602
382 1970
383 425
383 2816
383 1914
383 568
384 2687
385 1282
385 911
386 1070
386 2359
386 2697
386 1756
386 1879
386 467
387 1324
387 2333
387 2625
387 2150
388 2131
388 1813
389 467
390 708
391 1013
391 2292
392 1861
392 904
392 1607
392 1185
393 2214
393 1794
394 1759
394 2195
394 426
395 1260
395 1205
395 2677
395 1412
396 702
396 2511
396 1150
397 781
397 511
398 2552
398 1082
398 573
398 1386
398 1844
398 1987
398 1949
398 1315
398 666
399 2637
399 413
400 1597
400 1799
400 800
401 1193
402 2720
403 1609
404 2376
404 2683
405 1376
405 2969
406 1659
407 654
407 2879
407 1763
407 1776
408 2957
409 2979
409 1088
410 1855
410 576
410 2208
410 1184
411 518
411 497
411 1789
412 2303
412 880
412 2380
412 1663
412 626
412 2633
412 1338
413 1951
414 708
415 1136
415 2210
415 1130
416 1198
416 2824
417 2627
417 425
418 1875
418 2289
418 2229
419 2947
419 1228
419 618
420 1395
421 1697
421 2635
421 1759
421 1613
421 1811
421 2245
422 2063
423 1920
424 2415
424 2413
425 1749
425 2883
425 2843
426 661
427 752
427 2051
428 2337
428 2784
428 2282
428 1862
428 1545
428 1811
428 1650
429 1054
429 1779
429 2707
430 562
430 2548
430 2501
430 2185
430 1323
430 2512
430 2726
430 2213
430 1131
431 2369
431 759
431 717
431 1792
431 2944
431 991
432 2063
433 2763
434 1898
435 1362
435 1829
436 880
436 1533
437 496
437 2687
437 470
437 1407
438 1736
439 541
439 1711
440 1013
440 760
440 2780
441 847
442 730
442 1896
443 1919
443 542
443 2926
444 505
444 1777
444 2543
444 2138
444 988
444 2838
445 2285
446 1902
446 784
447 2853
447 2136
448 1082
448 1432
448 1789
448 2077
449 1687
450 2591
450 1491
450 1915
451 1657
451 877
452 1222
452 1812
452 2463
452 2285
453 1370
453 1177
454 2538
454 1500
454 2754
454 2156
454 1148
455 2123
456 1573
458 1624
458 868
458 903
458 1924
458 774
458 2794
459 1324
459 2103
459 2159
460 1310
460 2049
460 2288
462 2734
462 1303
462 2992
463 1666
463 1743
464 2687
464 818
464 1683
465 1815
465 2881
465 753
465 1756
466 729
466 2519
466 804
466 885
466 628
467 837
467 667
468 651
468 1906
469 2738
469 2908
469 2174
469 1400
469 1699
470 2004
470 1698
470 664
470 998
471 875
471 1136
471 689
471 1934
471 1822
471 1434
472 855
472 2337
473 635
473 2930
474 2811
474 650
474 853
475 1569
476 1202
476 2719
477 1745
477 1413
478 2336
479 2707
480 1431
481 873
482 1978
482 618
482 537
482 1722
482 2935
482 2124
483 538
483 1418
483 2148
483 1156
484 1313
484 2900
484 537
485 770
485 2907
486 2644
486 1181
487 2364
488 1302
488 1402
488 2890
489 1474
489 2923
489 1862
489 1250
490 1498
490 1421
490 1531
490 888
490 1241
491 514
492 2872
492 1133
493 1072
494 2161
494 931
495 1886
495 1853
496 1947
496 2832
497 2243
497 1342
497 1311
497 1547
497 2636
498 1978
499 2352
499 2982
499 771
499 1421
499 2865
499 2320
499 1679
500 817
500 2499
501 2270
501 639
501 1453
501 1710
502 1272
502 2221
503 1990
503 793
503 1179
504 2894
505 740
505 531
505 857
506 922
506 1126
506 1107
506 1166
507 2039
507 2480
508 2446
508 2647
509 2734
509 2186
510 734
510 2434
510 1202
510 2957
511 2922
512 1106
512 2028
513 1079
513 974
514 2538
514 1667
516 656
516 1314
516 1867
516 694
516 584
516 724
517 1788
517 965
517 2423
517 2014
517 732
517 2767
517 2388
517 827
518 2142
518 2662
518 2478
519 2402
519 943
519 2232
519 1978
520 2783
520 1537
520 2657
521 544
521 752
521 2150
522 1771
523 1813
524 1063
525 701
525 2435
525 2865
526 2056
526 2991
527 1615
527 2419
527 2721
527 2582
527 738
527 1934
527 1687
528 2165
529 1160
529 571
530 2571
531 1292
531 1928
531 1295
531 1653
532 1072
532 904
532 2553
533 827
533 2347
533 1807
533 2648
533 1560
533 2759
534 2785
534 542
534 1397
535 1963
535 2396
536 2450
536 2165
536 2521
536 1516
536 2102
536 2969
536 1993
537 878
537 2802
538 2617
539 2606
540 2173
540 1182
540 2916
541 2727
542 1266
543 1078
544 2311
544 1871
545 927
545 1892
546 2427
547 2464
547 2543
548 2105
548 1466
548 1682
549 2517
549 1350
549 2737
549 1362
549 1956
549 2814
550 667
550 2035
550 659
550 1411
550 787
550 2783
551 2198
551 2622
551 1130
551 2856
552 922
552 2542
553 1097
553 2537
554 1734
555 1586
555 2969
555 2363
555 2938
555 872
555 2196
555 1286
555 814
555 2989
556 2185
556 2732
556 1932
556 2924
556 1729
556 2378
556 919
556 2659
557 2708
558 1674
558 1065
558 1117
559 2662
560 810
561 816
562 728
562 1946
563 2375
563 742
564 1528
564 885
565 1286
566 1248
566 2618
567 2211
568 644
568 1154
569 642
570 1614
570 1589
571 2645
571 1126
571 1865
571 1744
572 1790
572 1718
572 866
573 2896
573 2272
574 2639
575 2087
576 2758
576 1661
577 1085
578 1290
578 827
578 1256
578 2818
579 1211
580 1112
581 1516
582 1562
583 2304
585 2047
586 1185
586 1592
587 1947
587 936
588 2187
589 1357
589 2541
589 2024
589 872
589 2267
589 2981
589 897
590 1866
591 2004
591 2754
592 2575
592 2166
592 2442
593 2114
593 2488
593 2724
594 1190
595 929
595 2650
596 1128
596 1335
596 894
596 1262
596 1024
596 1164
596 2683
597 1449
597 2840
598 732
599 2433
600 2116
600 606
602 2846
602 1091
602 2272
603 842
604 2946
604 795
605 869
606 781
606 2716
606 2418
607 1594
607 2915
608 838
608 902
609 2949
609 1046
609 2385
609 1659
610 1571
611 1592
612 2813
612 2660
612 1955
612 1364
612 2473
612 1486
612 2423
613 2493
613 2327
614 1127
614 1583
614 2566
615 762
615 1773
615 1124
615 2245
615 2223
615 2327
615 2188
616 709
617 2459
617 2021
618 1505
619 2287
620 2639
620 908
621 1799
622 2763
623 2111
624 814
624 1711
625 927
625 2323
625 1218
627 739
627 1765
628 972
629 1454
629 2781
630 2079
630 1335
631 1427
631 1320
632 1789
632 1554
632 2235
633 2015
634 2314
635 2462
635 743
636 2912
636 2121
637 1984
637 2853
637 2940
637 1815
638 656
638 1921
638 1255
638 1062
638 726
640 733
640 1436
640 2275
641 1557
641 1155
641 2839
641 753
641 1737
641 2886
641 712
642 1260
642 1326
642 2125
642 1115
643 1532
643 2596
644 1054
644 2717
644 2722
644 1629
644 2217
645 2022
645 1991
646 1286
646 1051
646 2032
647 1665
647 1030
648 929
649 2152
649 2518
651 1178
651 2545
651 1238
651 2184
652 929
652 1647
652 2986
653 916
654 1251
654 1735
654 1443
654 2889
655 2442
655 2559
655 2236
655 757
656 1483
656 2361
656 733
656 1695
656 1979
657 1532
657 865
658 2386
659 2193
659 2483
659 1846
659 868
659 2512
659 1652
659 732
659 1725
660 2442
661 2760
662 1501
663 2755
663 2034
663 1581
664 1790
664 2652
664 1659
664 832
664 2612
665 2981
666 1923
666 2936
667 1373
667 2796
667 1764
667 1948
668 1092
669 1236
669 691
670 1373
670 2742
670 703
670 2263
670 1344
671 1778
671 828
671 2563
672 2545
673 2168
673 1660
673 2641
674 1733
674 1600
675 2527
675 1550
675 2926
676 2766
676 2009
676 2800
677 1202
677 2250
677 2552
677 1276
677 874
677 1379
678 1828
678 2411
679 1872
680 2042
680 1726
681 890
682 1323
682 2751
682 1275
683 2004
683 2836
683 2418
683 2992
684 2697
684 2577
684 2162
685 2595
685 1245
685 1083
685 2843
685 2698
685 2754
686 2967
687 2718
688 1445
688 704
688 2731
689 2453
689 2349
690 962
690 1086
690 981
690 1008
690 706
690 2608
692 2953
694 1326
695 2635
695 1420
695 1505
696 2061
696 1286
696 1634
696 790
696 1740
697 983
697 1556
697 1681
698 2546
699 2059
700 2745
700 1754
700 1519
700 2907
700 1013
701 2931
701 789
702 1274
702 960
702 2207
702 2107
703 1072
703 1026
703 2500
703 2265
705 1027
706 1815
706 2959
706 1051
706 1545
706 2229
707 1861
708 2494
708 2392
709 740
709 1384
710 2350
710 2712
710 812
711 1844
711 1414
712 1372
712 1223
713 869
714 2588
714 1454
714 2764
715 2775
715 2801
716 1968
716 1030
716 2685
716 1290
717 2200
717 2321
717 1466
717 2642
717 879
717 2785
717 723
718 1994
720 2706
720 2800
720 2587
720 2738
721 816
721 2705
722 2270
722 996
722 955
722 1997
722 1015
722 1909
723 1562
723 2114
723 1103
723 2251
724 1614
725 2129
725 1047
726 2258
726 1879
726 1695
726 2645
727 1437
727 2473
727 1517
727 2209
728 2663
728 1463
729 2846
729 1483
729 2819
729 1973
729 1652
729 1377
729 1575
730 797
731 2621
731 820
733 2503
735 1418
735 821
735 1864
735 1198
736 1397
736 2796
737 1048
737 2371
737 1163
737 2999
738 2908
738 1553
739 2100
739 2115
739 2918
739 1541
739 896
740 2819
740 2895
740 1038
740 2833
740 2572
740 1527
740 2612
741 2761
741 2507
742 1282
742 2966
742 2980
743 1421
743 2919
744 1838
744 2047
744 2270
746 2924
746 2893
747 2496
747 1012
748 1658
749 1584
749 1379
750 1166
752 2609
752 1546
753 1959
753 1761
753 1315
753 1576
754 898
754 1248
754 1895
754 1706
755 1802
755 2426
756 2025
756 883
756 2002
757 2206
757 2274
757 1862
757 1047
757 2884
757 2316
758 2244
758 1841
758 2434
760 2817
760 2410
761 2621
762 2118
762 2462
762 2416
762 1822
763 1528
764 1872
764 1901
764 2257
765 2103
766 2760
766 2794
767 2300
767 1862
767 1320
767 2817
767 1103
767 2429
767 2778
767 924
768 2458
769 920
770 1692
770 1206
770 1290
770 1182
771 781
771 868
771 2760
772 1868
773 1172
773 1862
774 1303
774 1730
774 989
774 2846
775 2362
775 2389
775 1630
776 2153
776 2568
776 2062
777 1741
778 979
778 2563
780 1404
781 2717
781 882
781 2046
781 1480
782 2873
783 1617
783 1380
783 1365
784 1236
784 961
784 1172
785 1700
786 1013
786 1295
787 1752
787 2863
787 1542
788 2804
788 1929
789 976
789 964
789 2209
789 2590
790 2367
791 2865
792 2202
792 2748
792 802
792 2214
793 2350
794 1940
794 2534
794 2103
796 1022
796 1194
796 2795
797 2178
797 917
798 2339
799 997
800 2951
800 2413
801 2294
801 1656
801 2383
802 2526
803 1814
803 1534
803 1000
803 2748
803 1061
804 2849
805 2035
806 1402
806 2273
806 1646
806 2928
807 1933
808 2159
809 1205
810 1971
811 2263
811 873
811 871
812 1588
813 2217
813 2474
813 1254
813 1365
814 1118
814 1571
814 2583
815 2080
815 1632
815 1400
815 2069
815 2149
816 2937
817 1523
817 1314
818 1271
818 965
819 1722
819 2008
819 2146
820 1516
820 1956
821 2884
821 2286
821 2925
821 2472
822 2538
823 2019
824 1040
824 2725
824 1372
824 2345
824 2286
824 1380
824 2686
824 955
824 2488
825 1663
826 855
828 1794
828 938
829 949
829 1967
829 1121
830 1392
830 2231
831 909
832 871
832 2517
832 1929
832 1741
833 2808
834 1309
835 865
836 1138
837 1176
837 1224
838 1614
838 1533
838 2719
838 1555
838 1146
839 1927
839 1769
839 1338
839 893
839 2887
840 1404
841 2281
843 1873
843 2668
843 1395
844 1392
844 2610
844 1912
845 1831
845 1131
845 2871
845 2933
846 1208
846 1751
846 1403
847 2416
848 1703
849 1178
849 2192
850 1086
850 2748
850 2769
851 1963
851 1473
851 887
852 2176
852 2549
853 1999
854 2808
855 2553
855 2897
856 1012
856 1362
856 1686
857 2983
858 2183
858 1677
858 1958
859 2288
859 1634
859 2695
860 2522
861 907
861 2690
861 1918
862 2153
862 906
863 1922
864 1312
864 1682
864 2795
864 2559
864 2985
865 2338
867 2172
867 1875
867 1523
867 1119
867 926
868 1708
868 1831
868 2545
868 2468
868 1231
869 880
869 1621
870 2228
870 2426
870 957
871 2603
872 2232
872 1193
872 1490
873 946
873 2500
874 1323
874 1880
875 2829
875 2999
875 2053
875 1153
875 878
876 1236
877 1314
877 1359
877 1072
877 1788
877 1724
878 2018
879 1066
879 1130
879 918
880 1630
880 1817
881 1338
881 2180
882 1040
882 2624
882 1920
882 2890
882 1355
883 980
883 1430
883 926
884 2008
884 1658
885 2517
886 919
886 2070
888 1809
889 973
889 2437
889 951
890 1141
890 1198
891 2588
892 2900
895 1078
895 2294
895 1594
895 2921
895 2475
897 2091
898 2728
899 2787
899 1398
899 2599
900 2261
901 1202
903 1276
903 1610
903 1828
903 2097
903 2978
903 2834
905 1615
905 2435
907 2901
907 1431
907 2132
907 2718
908 1264
909 1111
912 1063
912 2875
912 2099
913 1145
913 2288
913 2185
914 2728
914 2181
914 1362
915 1048
915 1439
915 2087
915 2425
915 2116
915 1514
916 1599
916 1133
916 2724
917 1442
918 2908
920 2815
921 1321
921 2220
921 2684
922 1094
922 2289
922 1175
923 1353
924 1593
924 1137
924 2477
925 1416
926 1901
927 1635
927 2133
927 1580
928 2287
928 1354
929 2933
929 937
929 1576
929 2796
929 1299
930 2172
930 2684
930 2373
931 1603
931 2176
931 2469
932 1012
933 949
933 1253
933 2646
934 1156
934 2461
935 2022
935 2914
937 2705
938 2233
940 2696
940 2610
940 2823
941 1402
941 2629
941 2760
941 1390
942 1380
942 2206
943 1437
943 1888
944 1235
944 2536
946 2930
947 2032
947 1326
947 2659
948 2228
948 1988
949 2779
949 2702
949 1545
950 2341
951 2516
952 2696
952 1803
952 2622
952 2202
953 2377
954 2198
954 1401
954 1648
954 1569
955 2677
955 1135
955 1838
955 2801
956 1815
957 1999
957 1711
958 2495
959 2629
959 1320
959 2335
960 2303
960 1084
962 2361
962 2252
962 2640
963 1718
963 1119
964 2874
965 2669
965 1295
965 994
965 2927
966 1957
966 1410
967 2997
968 2426
969 2056
969 1529
969 2542
970 2433
970 2289
971 2080
971 2207
971 2312
971 2298
972 1619
972 2062
974 1280
974 2189
975 1892
975 2365
975 1863
976 1025
976 1748
977 2994
977 1060
977 1853
978 1318
978 2231
978 1888
978 2501
979 2444
980 1991
980 2175
981 2766
982 1094
983 1754
984 2847
984 1359
984 1779
985 1838
986 1578
987 2321
988 2352
989 1628
991 1285
992 1217
992 2046
992 1306
993 1324
994 2688
995 1993
997 2800
998 2616
999 1105
999 2069
999 2943
999 1414
999 2490
999 1555
999 2614
1000 2396
1000 2381
1000 1245
1001 2306
1002 2979
1003 1196
1003 1556
1004 2035
1005 1774
1006 2276
1007 1197
1008 2681
1008 1459
1008 1475
1008 1450
1008 2079
1009 1235
1009 1458
1010 2595
1010 2526
1011 2846
1011 2934
1012 2831
1012 1639
1013 2540
1013 1878
1014 1143
1014 2578
1015 2664
1016 2842
1016 2932
1016 2254
1017 1439
1017 1248
1018 1956
1018 1703
1020 2973
1021 1678
1021 2580
1022 2372
1022 2107
1023 2521
1023 1812
1023 1608
1024 2626
1024 2128
1024 2893
1024 1167
1025 2548
1025 2642
1025 2402
1028 2100
1029 2400
1029 1160
1029 1174
1029 2342
1029 1701
1030 2677
1030 1449
1030 2427
1031 2886
1031 1902
1031 1833
1031 1871
1032 2732
1032 2967
1032 2266
1032 1472
1032 1576
1033 2461
1033 1494
1033 1181
1034 2361
1034 1172
1036 1328
1037 1732
1037 2340
1037 2067
1040 2424
1040 2456
1040 1988
1041 1083
1042 2222
1043 2542
1043 2002
1043 2725
1044 2895
1044 1085
1045 2153
1046 2775
1046 2179
1046 2203
1047 1799
1048 2717
1048 1982
1048 1752
1048 2595
1050 1860
1050 1591
1051 1742
1051 1556
1051 1520
1051 2861
1052 2033
1052 2303
1052 1148
1054 1416
1054 1373
1054 2847
1054 1635
1054 1815
1055 1813
1055 1745
1055 2407
1056 2118
1057 1893
1058 2949
1058 2218
1058 2589
1059 1530
1059 1684
1061 2403
1061 2100
1062 1442
1062 2598
1062 2854
1063 2151
1064 1927
1064 2792
1064 2381
1065 2563
1065 2419
1066 2055
1066 1743
1066 2725
1066 1701
1066 1426
1067 1990
1067 1405
1067 1247
1067 1493
1068 2945
1069 1809
1070 1790
1070 1236
1070 1437
1070 2260
1071 1318
1071 1572
1071 2338
1072 1488
1072 1788
1073 1812
1073 1673
1073 1627
1074 1533
1075 1488
1076 2587
1077 1532
1078 2717
1078 3000
1078 1960
1078 2926
1079 1094
1079 1470
1080 2191
1080 2414
1080 2768
1081 1979
1082 1251
1082 2224
1082 1369
1083 2800
1083 1117
1083 2983
1083 2409
1083 1284
1083 2443
1084 1923
1085 1980
1085 2778
1085 2893
1086 1183
1086 1311
1087 2305
1089 1271
1089 1209
1090 1786
1090 1311
1090 1165
1091 1911
1091 2226
1092 1145
1093 1114
1093 1318
1093 2204
1094 2545
1094 1283
1094 2271
1095 2938
1096 2609
1096 2539
1096 2078
1096 1527
1097 1211
1098 2416
1098 2602
1099 1866
1100 2505
1100 2608
1100 2190
1100 1992
1100 1856
1101 2962
1101 1840
1102 1826
1102 1728
1103 1425
1103 2479
1103 2206
1103 2237
1104 2834
1105 2312
1106 1937
1106 2773
1106 1433
1106 2340
1107 2044
1107 2893
1108 2845
1108 2372
1109 2173
1110 2306
1110 2904
1111 2379
1111 1289
1111 2426
1111 2343
1112 1948
1112 2107
1112 1794
1113 1193
1114 2056
1114 2860
1114 2990
1114 1227
1114 1607
1114 1311
1115 1475
1116 1776
1117 1629
1117 1522
1117 2050
1118 1254
1119 1768
1120 1510
1122 2732
1123 1772
1123 2515
1123 2006
1124 1194
1124 2975
1125 2533
1125 1354
1127 2359
1127 2888
1127 1475
1128 2807
1128 1814
1128 2062
1129 2107
1129 1309
1129 1199
1130 2287
1130 2797
1131 1265
1131 1302
1131 2378
1132 1904
1132 1823
1133 2479
1133 1382
1135 2958
1135 2716
1136 2450
1136 2674
1136 2804
1137 1764
1137 2019
1138 1961
1138 2113
1139 2415
1139 2509
1139 2223
1139 2829
1139 1501
1140 2542
1141 1152
1141 2606
1142 3000
1142 1606
1143 2565
1144 1372
1145 1420
1146 1412
1146 1374
1146 1192
1146 1493
1146 2033
1147 2448
1147 2493
1148 1500
1149 2860
1150 2154
1150 2475
1151 2905
1151 2792
1152 1628
1152 2771
1152 1832
1153 2795
1153 2665
1155 1315
1155 1566
1156 1283
1156 1515
1157 2044
1158 2335
1158 1786
1159 2193
1159 1796
1161 2942
1163 2843
1163 1529
1164 1809
1165 2412
1165 1937
1166 1760
1166 1618
1166 1915
1168 2268
1169 1926
1170 2602
1170 2237
1170 2244
1171 2378
1171 2040
1172 1905
1172 2232
1172 1265
1173 1952
1175 2268
1176 1609
1176 2761
1176 1596
1176 1715
1176 1753
1177 2690
1177 1959
1177 1437
1177 1702
1178 2548
1178 2427
1178 2582
1178 1782
1178 2678
1179 1948
1179 1891
1179 2343
1179 2506
1179 1698
1180 2952
1180 2402
1181 1956
1181 2405
1181 1476
1184 2642
1184 2138
1185 2152
1185 1623
1186 2842
1187 1984
1187 2999
1187 2588
1187 2496
1188 2795
1188 2955
1189 1923
1190 2131
1191 1500
1191 2344
1192 1656
1192 1680
1192 2744
1193 2591
1194 1543
1195 2185
1195 2650
1195 1462
1195 1900
1196 1240
1197 2729
1197 2366
1197 2402
1197 2324
1198 1409
1198 1320
1198 1787
1200 2531
1201 2575
1202 1226
1202 2804
1202 1867
1202 2231
1202 2221
1202 1355
1203 1686
1203 2871
1204 2577
1204 1615
1205 2787
1205 2517
1205 1672
1207 1408
1207 2474
1208 2897
1208 1424
1209 2712
1209 2531
1210 2011
1210 2965
1211 2449
1211 2302
1212 2385
1212 2275
1213 2957
1214 2782
1215 1877
1215 1542
1216 1488
1216 2387
1216 2020
1216 2086
1216 1751
1217 2747
1217 2108
1217 2792
1218 2517
1219 1382
1219 2510
1219 2642
1220 1404
1220 2298
1220 1651
1221 2809
1221 2379
1222 1944
1222 2882
1222 2596
1224 1772
1224 1602
1225 2955
1225 2222
1226 2188
1227 1824
1228 1312
1229 2188
1229 2560
1230 2274
1230 2198
1231 2214
1231 2909
1232 1671
1232 2857
1232 2644
1232 1364
1233 2016
1234 2558
1235 2321
1235 2334
1236 1577
1236 1343
1237 2185
1238 1736
1239 1790
1239 2763
1239 1699
1239 2664
1239 2300
1240 2805
1241 2413
1242 2672
1244 1983
1246 1255
1248 2064
1248 1645
1248 1304
1250 2949
1251 1474
1251 1525
1251 2467
1251 1358
1252 2807
1253 2957
1253 1853
1255 1854
1255 1590
1255 1965
1255 2715
1255 2899
1257 1841
1258 1283
1258 1507
1258 2319
1258 1934
1258 2182
1259 2867
1259 1574
1261 2581
1262 2280
1262 2570
1262 1522
1262 1449
1262 1343
1264 2190
1265 1635
1266 2316
1267 1841
1267 2797
1267 2612
1268 1334
1269 1488
1269 1313
1270 1726
1270 1392
1271 2901
1271 1560
1271 2753
1271 1529
1271 2575
1272 2482
1273 1450
1273 2942
1273 1807
1273 1812
1273 2235
1274 2669
1274 1631
1274 2498
1276 2056
1276 2080
1276 2565
1276 2088
1277 1837
1277 2503
1278 1530
1278 2709
1278 1942
1279 2092
1279 2866
1280 2348
1280 2408
1281 1356
1281 2418
1282 2924
1282 2815
1283 1413
1284 1631
1285 2046
1286 2260
1286 1996
1286 1511
1286 2380
1287 2312
1288 2807
1288 2028
1290 2455
1290 2025
1290 2008
1290 1364
1291 2415
1291 2228
1293 1832
1294 2455
1294 2947
1295 2004
1295 2332
1296 2930
1296 1991
1297 2207
1297 2984
1297 1722
1298 1439
1298 1388
1298 2260
1299 1700
1299 2422
1299 1883
1300 2303
1300 2244
1300 2773
1300 2350
1300 1394
1301 2635
1301 2600
1302 1909
1303 2645
1303 2196
1303 2975
1304 2276
1304 1787
1304 2795
1305 2499
1305 2858
1305 2642
1306 2557
1306 1422
1308 1877
1308 2395
1310 1586
1310 2175
1310 2686
1310 2303
1310 1718
1311 1586
1311 2613
1311 2650
1312 1752
1312 2482
1312 2914
1312 2395
1314 1999
1314 2956
1314 2813
1314 2591
1315 1659
1315 1639
1315 2524
1315 2591
1316 2281
1317 2688
1317 1832
1320 2320
1320 2207
1320 2424
1321 2492
1321 2521
1321 1939
1323 2122
1324 1416
1324 2906
1324 1950
1324 2237
1324 2765
1325 1807
1325 2603
1326 2233
1327 1623
1328 2023
1328 2479
1328 2816
1330 2376
1331 1353
1332 2991
1332 1531
1333 2450
1333 1766
1333 2138
1334 2738
1335 1886
1336 2930
1337 1872
1337 1559
1337 2792
1339 2824
1339 1355
1340 2751
1341 1722
1342 1785
1343 1624
1345 2570
1345 1949
1346 2860
1347 2596
1348 2677
1349 1947
1349 2100
1349 2897
1349 1721
1349 2744
1349 2634
1350 2660
1350 1620
1351 1703
1352 2115
1352 2312
1352 2473
1352 1383
1353 2193
1353 1357
1355 2281
1356 2202
1356 1589
1356 1967
1357 1965
1359 1808
1359 2127
1359 2245
1359 2806
1360 2884
1361 2940
1362 3000
1362 2098
1362 1743
1362 2245
1362 2176
1362 2727
1362 2736
1363 2003
1363 1818
1363 2419
1365 1824
1365 2279
1366 1924
1367 2665
1367 1900
1369 1609
1369 2520
1370 2045
1370 2718
1370 2322
1370 2868
1371 2490
1372 2375
1373 1655
1373 1573
1373 2714
1373 1812
1374 2535
1374 2603
1375 2650
1375 1477
1377 1681
1378 2752
1379 2261
1379 2896
1380 2624
1380 1429
1380 2288
1380 1598
1381 2320
1381 1521
1382 2456
1382 2523
1382 2907
1383 2807
1384 2517
1385 1764
1385 2903
1386 2937
1387 1737
1389 1820
1390 1535
1391 2681
1393 2421
1394 1837
1394 1771
1395 2206
1395 2976
1395 1796
1397 2401
1397 2673
1397 2962
1400 1831
1401 1485
1401 2793
1401 2705
1402 2382
1402 2612
1402 2800
1402 2533
1403 2885
1404 2097
1404 2031
1406 2284
1407 1661
1408 2424
1409 1838
1409 2493
1411 1578
1412 1616
1415 2362
1416 2846
1416 2172
1416 1826
1417 2753
1418 1609
1418 1809
1418 2472
1418 2271
1418 2907
1419 1709
1420 2582
1420 1858
1420 1615
1420 1817
1420 2765
1420 2338
1420 1936
1420 1907
1421 2037
1421 2770
1426 2997
1426 2072
1426 1537
1427 2007
1428 1903
1430 2118
1430 2812
1430 2170
1432 1547
1432 2008
1433 2993
1433 2326
1434 2841
1435 2074
1435 2920
1436 1962
1438 1492
1438 2085
1439 1665
1439 2089
1440 1699
1441 2817
1441 1786
1441 2900
1441 1766
1444 2075
1444 1880
1446 1621
1447 1544
1448 1634
1448 2886
1450 1664
1450 1899
1451 2644
1451 2241
1452 1819
1452 1842
1452 2458
1453 2383
1454 1971
1454 2721
1455 2189
1455 2546
1456 2473
1456 1796
1459 2029
1459 2574
1459 2233
1460 2449
1460 1816
1461 2769
1461 1757
1462 1786
1462 1620
1463 1681
1463 2456
1463 2618
1465 1712
1466 2455
1466 2698
1467 1649
1467 2368
1467 1751
1468 1966
1468 2717
1470 1955
1470 2511
1471 2360
1471 2216
1474 2573
1475 1991
1476 2548
1476 2340
1477 2917
1477 1852
1477 1827
1478 2617
1478 2605
1478 1914
1479 1802
1479 2101
1479 2558
1479 1825
1479 1849
1480 1570
1480 1918
1480 1819
1481 2464
1482 1908
1482 2532
1482 2809
1482 2812
1482 2926
1482 2104
1483 1790
1484 2382
1486 2354
1486 2529
1487 2924
1487 2712
1488 2310
1488 1694
1488 2606
1489 2759
1490 2404
1490 1931
1490 2067
1492 2775
1492 2868
1492 1529
1493 2011
1493 2401
1493 2421
1493 1848
1494 2307
1495 1686
1496 1932
1497 1737
1497 1807
1497 2500
1497 2560
1498 2482
1498 1941
1498 2447
1498 2150
1498 1901
1498 2958
1499 2674
1499 2852
1499 2660
1500 1940
1501 1724
1501 2529
1502 2503
1503 2662
1503 2968
1504 2886
1504 2703
1506 2133
1506 2750
1506 2241
1508 1519
1509 2827
1509 1877
1509 2261
1511 1771
1513 2200
1515 2429
1515 2785
1515 1967
1515 1704
1516 1831
1516 2991
1516 1670
1518 2547
1520 1903
1520 1994
1521 1593
1522 2877
1522 2391
1523 2068
1524 1701
1524 2485
1525 2195
1525 1730
1526 2798
1526 2868
1527 2137
1530 2595
1530 2696
1531 2062
1531 2653
1532 2588
1532 2044
1533 2824
1534 2916
1534 2532
1534 2578
1536 2356
1537 2702
1538 2414
1540 2999
1540 1975
1541 1652
1542 2743
1543 2760
1543 1585
1544 2783
1544 2337
1547 2156
1548 1586
1548 2138
1549 2921
1551 2076
1552 2588
1552 2693
1553 1558
1555 2015
1556 2462
1556 2355
1556 2931
1557 1603
1561 2505
1562 2339
1562 1908
1562 2418
1562 2257
1563 2415
1563 1595
1563 2232
1564 2458
1565 2820
1565 2919
1566 2258
1566 2095
1567 2414
1567 2655
1569 2642
1569 2569
1569 2738
1570 2976
1570 2654
1570 2102
1571 2104
1572 2257
1573 1792
1574 1640
1574 1837
1576 1659
1576 2200
1576 2434
1576 2319
1577 2187
1578 1705
1578 1760
1579 2527
1581 2554
1582 1957
1582 1624
1583 2123
1583 2457
1583 2284
1584 1810
1584 1701
1584 2145
1586 2455
1586 1959
1586 2808
1586 1877
1587 1637
1587 2200
1589 1787
1592 2880
1592 2805
1592 2289
1593 2244
1593 2124
1593 2664
1594 2484
1594 2277
1594 2920
1596 1821
1596 2876
1596 2524
1596 1834
1597 2550
1597 2988
1598 2783
1598 1603
1598 2706
1598 2147
1599 2339
1599 2565
1601 2582
1601 2912
1601 2970
1601 2280
1601 2607
1601 2920
1601 2898
1602 1850
1603 2757
1603 1659
1604 2624
1605 2355
1605 1834
1607 2682
1607 2103
1608 2039
1609 3000
1609 2591
1609 2048
1610 2387
1610 2253
1611 2519
1611 2319
1612 2371
1614 2845
1615 2820
1615 2704
1615 2353
1615 1659
1615 2245
1615 2402
1617 2492
1619 2717
1620 2703
1621 2397
1621 1716
1622 2206
1622 2613
1624 2667
1624 1713
1625 2819
1625 1727
1626 2402
1628 1655
1629 2947
1630 2578
1631 2508
1631 2205
1631 1876
1633 1902
1633 2245
1635 1947
1635 2974
1635 2468
1635 2419
1635 2369
1636 1810
1637 2947
1637 2614
1638 2016
1639 1835
1642 1763
1642 2436
1643 1683
1644 2533
1645 2999
1645 2134
1646 2805
1649 2462
1650 1844
1651 1741
1652 2723
1652 2226
1652 1988
1653 1734
1654 2825
1659 2869
1659 2232
1659 2207
1659 2660
1659 2800
1659 2264
1660 1842
1662 2286
1664 2977
1665 2076
1665 1739
1665 2631
1666 2912
1668 2063
1668 2284
1669 1760
1670 2171
1671 2742
1671 2164
1671 2030
1675 2561
1676 1905
1676 2221
1676 2909
1677 2584
1679 2423
1681 2974
1683 2606
1685 2517
1685 2720
1686 2846
1686 1703
1687 2974
1688 2125
1689 2416
1690 2179
1690 2306
1692 2122
1693 2067
1694 2613
1694 1923
1696 1866
1696 2008
1699 2885
1699 2935
1699 1814
1700 2853
1700 1710
1701 2912
1702 2484
1703 2669
1703 2022
1704 2240
1705 2967
1705 2620
1705 2700
1707 2795
1707 1939
1708 1905
1709 2980
1710 1736
1711 1834
1711 2732
1712 2434
1712 2832
1714 1923
1716 2705
1718 2364
1719 1807
1719 2655
1720 2620
1721 2545
1722 1732
1722 1783
1723 2709
1724 2398
1725 2399
1726 1884
1726 2426
1726 1972
1729 2318
1729 2703
1730 2062
1731 2757
1731 2865
1731 2473
1732 1758
1732 2886
1733 2339
1735 2766
1735 2205
1736 1936
1737 1760
1738 2063
1740 1756
1740 2042
1740 2110
1743 2177
1744 2210
1746 1851
1747 2290
1749 2193
1749 2238
1750 2244
1751 2701
1751 2695
1751 2983
1751 1879
1751 2063
1752 2426
1752 2168
1752 1886
1754 2406
1755 2827
1756 1774
1758 2728
1758 2588
1758 1870
1759 2176
1759 2550
1760 2455
1760 2339
1760 1805
1761 1912
1762 1944
1762 2199
1762 2180
1764 1849
1766 2826
1767 2620
1769 2143
1770 2359
1770 1931
1771 2975
1771 2619
1772 2675
1772 2143
1774 2315
1774 2525
1775 2610
1775 2722
1777 2120
1778 2962
1779 2173
1779 2841
1780 2383
1781 2094
1781 2842
1781 2818
1781 2000
1781 2408
1783 1815
1783 2823
1784 2585
1784 2133
1785 2940
1785 2309
1785 2501
1786 1879
1786 2800
1786 2269
1787 2362
1788 2234
1788 2357
1788 2193
1789 2313
1791 1852
1791 2136
1791 2740
1793 2264
1795 2786
1796 2477
1797 2211
1797 2545
1797 2064
1798 2192
1799 2742
1799 2097
1799 1894
1800 1932
1801 2622
1803 2620
1803 2093
1804 1927
1804 2225
1804 2841
1805 2441
1805 2867
1805 2976
1806 2643
1807 2809
1810 2688
1810 2587
1811 2746
1811 2729
1811 1996
1812 2803
1812 2696
1813 2247
1813 2238
1815 1995
1815 1853
1817 2850
1817 1864
1819 2193
1819 2980
1822 1886
1822 2552
1825 2243
1825 2081
1825 2028
1826 2747
1826 1919
1826 2813
1826 2216
1827 2902
1828 2929
1830 2829
1830 2648
1831 2250
1831 2747
1832 2940
1832 1916
1832 2070
1833 2871
1833 2478
1836 1904
1837 2780
1837 2612
1838 2763
1840 2774
1841 2473
1841 2109
1842 1956
1842 1905
1843 2841
1843 2256
1844 2126
1844 2656
1844 2399
1845 2597
1847 2728
1848 1969
1848 2010
1852 2997
1852 2926
1853 2395
1853 2547
1854 1955
1854 2872
1855 2230
1857 2646
1858 2495
1858 2488
1859 2762
1859 2777
1861 2207
1862 2660
1862 2286
1862 2046
1863 2851
1865 2243
1865 2433
1865 2145
1866 2488
1867 2370
1868 2359
1868 2941
1868 2078
1869 2780
1870 2785
1871 2246
1872 2717
1873 2214
1873 2097
1874 2153
1876 2734
1876 2394
1877 2921
1880 2897
1881 2770
1881 2409
1883 2528
1883 2580
1884 2829
1885 1957
1886 2176
1886 2906
1887 2375
1890 1932
1890 2602
1893 1947
1894 2314
1895 2336
1896 2870
1897 2374
1898 2806
1899 2696
1901 2215
1902 2696
1902 2778
1904 2221
1905 2243
1907 2458
1908 2079
1908 2684
1908 2765
1910 2206
1910 2351
1911 2181
1911 2309
1914 2442
1916 2743
1917 2807
1921 2358
1921 2810
1921 1964
1923 2103
1923 2432
1923 2722
1924 2507
1927 2770
1929 2348
1930 2270
1930 2324
1932 2335
1933 2619
1933 2105
1938 2011
1939 2584
1943 2147
1944 2494
1945 2708
1947 2540
1947 2118
1947 2381
1949 2739
1949 2563
1950 2048
1951 2680
1952 2113
1953 2245
1954 2097
1955 2939
1956 2665
1956 2462
1958 2664
1958 2196
1959 2384
1959 2561
1959 2599
1959 2844
1960 2332
1963 2056
1963 2537
1965 2885
1965 2463
1968 2609
1968 2298
1969 2791
1970 2358
1971 2832
1972 2041
1972 2799
1972 2439
1973 2997
1974 2656
1976 2512
1976 2390
1977 2817
1977 2174
1977 2158
1978 2621
1978 2926
1981 2525
1981 2786
1983 2545
1983 2828
1984 3000
1984 2193
1984 2151
1984 2270
1985 2083
1986 2943
1988 2881
1989 2142
1989 2022
1990 2726
1994 2789
1995 2752
1995 2531
1996 2984
1997 2403
1998 2878
2000 2093
2001 2611
2001 2479
2003 2321
2003 2305
2006 2457
2008 2248
2008 2904
2011 2094
2014 2587
2015 2426
2015 2388
2016 2508
2018 2694
2019 2176
2023 2760
2025 2153
2025 2862
2026 2501
2027 2094
2027 2399
2028 2379
2028 2232
2028 2934
2028 2680
2029 2722
2029 2286
2029 2129
2029 2180
2029 2195
2031 2798
2033 2401
2035 2756
2036 2608
2037 2183
2037 2461
2038 2306
2038 2452
2039 2626
2039 2801
2040 2361
2040 2593
2041 2474
2042 2312
2043 2670
2045 2815
2045 2763
2045 2452
2046 2225
2047 2628
2048 2636
2048 2402
2048 2535
2048 2504
2050 2939
2050 2736
2052 2192
2053 2710
2054 2492
2054 2329
2054 2796
2054 2573
2055 2584
2056 2540
2056 2817
2056 2880
2056 2745
2057 2626
2058 2563
2058 2167
2059 2288
2060 2368
2061 2297
2062 2368
2062 2255
2062 2222
2063 2808
2066 2637
2066 2430
2066 2463
2067 2597
2067 2410
2068 2396
2068 2292
2069 2331
2070 2745
2071 2465
2074 2445
2075 2861
2075 2708
2075 2542
2079 2093
2080 2516
2080 2136
2082 2417
2084 2825
2084 2316
2085 2778
2085 2835
2086 2356
2087 2237
2088 2401
2089 2843
2090 2817
2091 2950
2091 2699
2091 2286
2092 2686
2093 2809
2093 2162
2094 2873
2095 2823
2097 2411
2097 2398
2098 2147
2100 2284
2104 2924
2106 2151
2106 2646
2107 2330
2108 2575
2108 2144
2109 2658
2111 2308
2111 2223
2113 2311
2113 2281
2113 2517
2115 2551
2117 2449
2118 2575
2119 2770
2122 2741
2123 2942
2123 2159
2126 2527
2129 2786
2129 2372
2132 2557
2133 2855
2134 2454
2136 2906
2136 2545
2137 2930
2138 2768
2138 2664
2138 2474
2139 2427
2139 2261
2141 2268
2141 2459
2141 2529
2143 2161
2143 2276
2146 2924
2147 2723
2149 2489
2149 2609
2150 2400
2151 2442
2153 2846
2154 2415
2155 2462
2155 2412
2156 2902
2157 2630
2158 2308
2159 2179
2159 2299
2160 2500
2161 2974
2161 2488
2162 2855
2164 2826
2165 2740
2165 2749
2169 2732
2170 2999
2171 2378
2172 2538
2173 2859
2175 2929
2175 2616
2176 2997
2176 2308
2176 2750
2176 2445
2179 2309
2179 2930
2180 2305
2181 2371
2182 2522
2183 2513
2184 2738
2185 2571
2186 2687
2186 2874
2186 2245
2186 2602
2188 2211
2189 2756
2191 2369
2191 2352
2197 2783
2197 2639
2201 2819
2202 2787
2202 2289
2202 2383
2203 2743
2204 2737
2206 2548
2207 2861
2207 2522
2207 2767
2209 2382
2209 2321
2211 2951
2212 2629
2215 2524
2219 2965
2221 2281
2222 2642
2223 2750
2224 2653
2226 2376
2228 2646
2232 2881
2232 2716
2233 2363
2234 2431
2235 2885
2238 2262
2239 2378
2239 2944
2240 2763
2241 2800
2241 2666
2246 2650
2248 2255
2248 2429
2249 2873
2250 2580
2257 2802
2260 2574
2261 2592
2261 2505
2263 2439
2263 2375
2264 2576
2266 2449
2267 2295
2267 2907
2268 2601
2269 2446
2271 2800
2271 2882
2273 2327
2278 2658
2279 2940
2280 2428
2281 2859
2286 2914
2286 2747
2288 2562
2288 2440
2290 2775
2291 2864
2293 2878
2295 2919
2296 2492
2297 2807
2298 2837
2299 2357
2300 2373
2301 2520
2303 2415
2303 2643
2304 2505
2304 2388
2306 2681
2306 2920
2307 2492
2307 2604
2309 2502
2310 2900
2311 2457
2311 2404
2313 2454
2314 2924
2317 2400
2317 2904
2319 2669
2319 2717
2319 2454
2319 2461
2324 2956
2324 2540
2324 2495
2327 2606
2327 2489
2328 2857
2332 2717
2333 2669
2336 2441
2336 2884
2339 2463
2340 2454
2341 2717
2346 2457
2348 2817
2348 2987
2350 2475
2351 2947
2357 2889
2361 2973
2365 2672
2365 2500
2367 2762
2367 2750
2367 2684
2369 2501
2369 2458
2369 2505
2370 2761
2371 2517
2372 2933
2374 2912
2374 2755
2375 2907
2375 2756
2377 2760
2379 2930
2381 2546
2383 2617
2386 2455
2387 2470
2394 2525
2394 2976
2395 2691
2395 2519
2396 2991
2399 2590
2403 2773
2408 2964
2408 2830
2413 2673
2414 2743
2416 2953
2416 2599
2417 2466
2421 2865
2421 2653
2423 2822
2423 2838
2424 2843
2424 2685
2425 2884
2426 2666
2426 2794
2427 2513
2429 2701
2432 2877
2434 2809
2434 2435
2435 2927
2442 2864
2443 2988
2443 2833
2444 2825
2444 2848
2444 2919
2444 2537
2445 2701
2446 2722
2446 2945
2446 2524
2447 2642
2447 2660
2447 2651
2448 2597
2451 2650
2454 2566
2455 2847
2455 2574
2458 2788
2458 2806
2459 2971
2463 2914
2465 2654
2465 2493
2466 2773
2467 2951
2469 2630
2475 2587
2475 2600
2476 2798
2479 2921
2479 2655
2479 2641
2479 2781
2481 2768
2486 2650
2487 2699
2491 2994
2492 2505
2492 2706
2493 2929
2493 2626
2496 2790
2504 2593
2505 2727
2511 2701
2513 2547
2517 2847
2520 2999
2520 2946
2521 2792
2522 2565
2523 2635
2523 2903
2524 2526
2525 2897
2525 2817
2526 2771
2527 2891
2530 2810
2541 2948
2542 2767
2544 2559
2545 2688
2545 2720
2547 2874
2552 2951
2556 2614
2557 2846
2559 2567
2561 2719
2563 2857
2573 2899
2575 2586
2575 2619
2575 2874
2579 2643
2579 2884
2580 2718
2582 2988
2583 2691
2583 2657
2585 2885
2586 2738
2587 2832
2590 2743
2591 2877
2594 2983
2594 2794
2595 2905
2603 2976
2611 2896
2613 2969
2615 2880
2615 2958
2617 2795
2618 2963
2626 2951
2627 2695
2636 2696
2641 2828
2643 2861
2651 2787
2652 2782
2652 2804
2654 2827
2658 2761
2663 2701
2664 2988
2664 2807
2665 2751
2667 2994
2669 2749
2670 2921
2671 2811
2675 2735
2676 2993
2688 2964
2692 2977
2695 2939
2696 2752
2700 2913
2701 2859
2705 2861
2712 2897
2712 2882
2713 2979
2713 2951
2717 2894
2728 2846
2728 2899
2728 2972
2730 2788
2742 2829
2742 2951
2747 2976
2748 2928
2749 2795
2749 2954
2754 2915
2759 2906
2759 2851
2768 2953
2772 2820
2783 2949
2783 2968
2786 2836
2787 2975
2795 2818
2796 2906
2800 2868
2807 3000
2809 2819
2811 2820
2812 2906
2813 2876
2819 2947
2829 2996
2834 2860
2843 2948
2846 2993
2857 2985
2863 2976
2882 2891
2892 2930
2911 2933
2916 2920
2943 2951
2952 2997
2957 2977
2960 2977
2961 2962
