2000 2798
1 278
1 796
1 1062
2 1908
2 1491
2 50
3 1823
3 710
4 903
4 808
4 46
4 425
5 1040
6 577
6 965
7 1771
7 1901
7 951
8 1945
8 1211
9 809
9 758
10 91
10 1693
10 485
11 138
12 432
12 1750
12 1835
13 1048
14 1651
14 1296
15 1700
15 1820
15 1949
16 258
16 413
16 126
16 1490
16 594
17 1948
17 1765
17 918
17 1345
17 1003
18 294
18 801
18 977
18 1475
18 1466
18 1920
18 1290
19 1299
20 881
20 194
20 1430
20 559
20 140
20 63
21 1969
22 731
22 357
22 1920
23 1410
23 1085
23 1898
24 397
24 589
24 1502
25 1488
25 231
25 236
26 922
26 295
27 1950
27 1392
27 1151
28 526
28 1538
28 532
29 1426
29 1976
29 1360
30 85
30 1973
30 857
30 316
31 1883
31 1714
31 627
31 1329
31 745
32 643
33 1931
33 1328
33 588
33 158
33 1687
33 1908
33 992
34 1438
35 637
35 1246
36 757
36 474
37 1347
37 58
38 1475
38 121
39 1803
39 1424
39 541
40 253
40 308
40 725
40 1250
40 1197
40 1406
41 657
41 728
41 1977
42 1434
42 692
43 1422
44 676
44 701
44 1285
44 1167
45 1905
45 1145
45 1280
47 996
48 403
49 628
49 469
50 679
51 478
52 660
52 1219
52 81
52 1740
53 1041
53 619
53 758
54 172
54 205
54 1634
55 1674
55 1695
56 1494
56 485
56 1468
57 1787
57 831
58 327
58 856
58 1743
59 540
59 1994
59 194
59 412
60 1369
60 127
60 1051
60 503
61 1277
61 1578
62 1967
62 726
63 1289
64 903
64 911
64 1398
64 1000
65 406
66 1790
67 83
68 318
68 1291
68 210
68 481
69 986
70 756
70 1596
71 1651
71 353
71 1402
71 1078
72 404
73 1975
73 215
74 951
74 858
74 287
75 967
75 480
75 845
75 1278
75 1193
76 567
76 202
76 946
76 393
77 1450
77 772
77 1261
77 1223
77 1422
78 1959
78 1136
79 1933
80 1638
80 1432
80 1834
81 1267
81 331
82 356
82 408
83 1865
83 172
83 929
83 1779
84 88
85 1227
85 1429
85 1084
85 304
86 1149
87 356
87 1139
88 139
89 627
89 641
90 1752
90 859
90 546
90 1159
91 1021
92 1630
92 733
92 613
93 493
93 1897
93 1438
94 1756
94 857
94 724
95 1791
95 795
95 1730
95 1367
95 1242
95 602
96 736
96 627
97 1723
97 1732
97 1412
97 1284
97 668
98 1648
98 1328
98 1178
98 749
98 1098
99 1662
99 1746
100 1944
101 698
101 213
101 339
101 939
101 1065
102 1812
102 1298
102 858
103 1852
103 1077
104 364
104 709
104 478
105 1774
105 415
105 1304
106 1690
106 964
107 1027
108 595
109 1321
110 1924
110 1051
111 742
111 716
112 122
112 1169
112 1777
112 655
112 723
112 159
113 987
113 265
114 710
114 182
115 1594
116 1203
116 830
116 956
116 1821
117 1407
117 1830
117 826
117 1914
117 1316
118 1036
118 1764
118 786
119 299
120 128
120 1988
121 1729
121 1602
122 1448
122 1912
122 650
123 732
124 1928
124 1692
124 1540
125 658
126 963
126 1976
126 958
127 1806
127 1939
128 1886
128 1745
128 1979
129 757
129 1113
130 723
130 1225
130 1032
131 1791
131 1373
131 354
131 1088
131 1755
132 1651
133 243
134 1292
134 727
135 1100
135 1230
135 1208
136 1075
136 926
136 1122
136 439
136 1222
137 1514
138 1768
138 1814
138 1627
139 771
139 683
139 1448
139 674
140 860
140 1041
140 837
141 1049
141 819
141 1860
141 1107
142 278
143 850
143 585
143 235
143 1504
143 349
143 1046
144 361
145 810
146 1699
146 1355
146 1341
146 1925
146 340
147 406
147 1837
147 1114
147 481
148 867
148 969
148 1031
148 616
148 438
148 1623
148 832
148 1860
148 739
148 714
148 943
149 1024
149 1021
149 1954
149 230
150 988
151 801
151 1986
151 216
152 900
152 420
152 1967
152 934
152 513
152 1499
152 1157
152 322
153 658
154 844
154 983
155 530
155 523
155 1552
156 1175
156 1477
157 577
157 369
157 1048
158 1349
159 1697
160 1015
161 817
161 185
162 1774
162 1190
163 712
163 1926
164 542
164 351
164 1937
165 1097
166 1168
166 376
166 391
166 1063
166 408
166 382
167 688
167 951
168 1736
168 1361
168 1775
168 1991
168 290
168 1347
169 830
170 1204
171 591
171 303
172 1197
172 1786
172 693
173 264
173 1525
173 1133
174 219
174 710
174 488
175 1232
175 1626
176 988
176 464
176 1995
176 1398
177 987
177 255
178 1554
179 345
179 279
180 734
180 1972
180 1631
181 995
182 1282
182 221
183 502
183 939
184 1622
184 728
184 377
185 935
185 907
185 1107
186 649
186 1756
186 1581
186 1129
186 1901
186 614
187 358
188 204
189 1361
189 1614
189 1296
190 1667
191 373
192 193
193 799
193 1937
193 1378
193 383
194 1746
194 1315
194 657
194 1886
194 408
194 1040
194 1698
195 458
196 577
196 1857
197 1217
197 955
198 1232
198 834
198 1653
199 445
199 1687
199 1845
200 1299
200 1692
200 738
201 1493
201 979
203 1596
203 1685
203 1805
203 657
204 1596
204 1411
204 1233
204 1970
205 1028
206 779
207 1887
207 1345
208 541
209 1982
209 987
209 1711
209 542
209 1331
209 1957
209 1564
210 1803
211 1257
211 378
211 1295
212 1693
213 1753
213 1355
213 415
214 738
215 1976
217 1378
217 1268
217 1886
217 1238
218 1400
218 1924
218 1487
219 1630
219 1556
220 1189
221 1715
221 1195
221 1234
221 541
221 1251
221 1746
221 1021
222 1474
223 462
223 1213
223 938
223 581
223 1686
224 971
224 1718
224 861
225 1505
225 1111
225 1485
225 469
225 501
226 1881
226 1824
226 764
226 1706
226 1931
226 249
226 1678
227 1926
227 1567
227 1596
228 241
228 1324
228 1249
229 1214
230 1394
231 1735
231 605
231 547
231 380
232 1024
233 1870
234 1786
234 1322
235 1274
235 626
235 1348
236 528
236 373
236 354
236 1750
237 1928
238 731
238 820
238 683
238 1226
239 398
240 1496
240 1889
241 1118
241 1563
241 1200
241 1232
241 1948
241 330
242 1668
242 1479
243 867
244 776
245 1501
246 1868
246 1455
246 1757
246 487
246 921
247 1015
248 1315
248 531
249 250
249 1421
250 407
250 1348
250 1516
251 1563
251 1847
251 1783
252 1687
253 1651
253 1222
253 643
253 1823
253 803
253 304
254 1566
254 276
255 536
256 606
256 967
257 1734
257 396
258 976
258 496
258 618
258 607
258 1473
259 608
259 1399
260 1735
261 1922
261 1327
261 373
261 1267
261 853
261 366
261 1618
262 509
262 882
263 1147
264 843
265 1374
265 491
266 671
266 1508
267 757
268 1476
269 1399
269 1397
270 824
270 1681
271 1505
271 766
272 764
273 445
273 598
273 1994
274 1644
274 1869
274 1241
274 787
274 1717
275 1464
275 1702
276 736
276 1501
276 877
276 614
276 1459
277 830
278 525
278 522
279 1227
279 1038
279 924
279 1672
280 574
280 1184
280 1344
281 1844
281 622
281 917
281 1512
281 1179
282 1646
282 472
282 396
282 927
283 1458
284 508
284 1886
284 751
284 1159
284 1553
284 290
284 1472
285 637
286 830
286 362
287 1671
287 1497
287 646
287 1522
288 1471
288 809
288 635
288 993
288 625
289 1448
290 913
290 546
291 1941
292 734
292 1020
292 1461
293 1659
293 1310
294 1595
294 315
294 1606
294 1887
295 1357
296 1991
297 662
297 1472
298 320
299 1985
299 392
300 1824
300 1913
300 1985
300 792
300 770
300 1358
301 869
301 579
302 1170
303 1926
303 1963
304 1798
304 752
304 917
304 1735
305 1902
306 1930
306 1318
306 1266
307 1288
307 780
307 920
309 378
309 992
310 1827
310 1879
310 950
311 1442
312 1156
312 1499
313 1221
313 469
313 1040
314 1786
315 1780
315 1617
315 1319
316 1222
316 1795
316 1343
317 1545
318 852
318 883
318 768
318 432
318 1545
318 1188
319 627
319 1876
320 557
320 1989
321 1204
322 596
322 917
323 840
323 1244
323 367
323 730
324 1882
325 593
325 1708
326 368
326 1612
326 1417
326 350
327 525
327 1799
327 1717
327 1901
327 1609
327 1272
328 900
329 1214
330 1279
330 1944
331 981
331 680
332 567
333 1786
334 541
334 751
334 1389
334 363
334 1099
335 1474
335 364
335 395
336 1083
336 1041
336 1324
337 1601
338 1616
338 1309
338 1544
340 1471
340 1081
340 510
340 917
340 1370
340 763
340 1985
340 1645
341 662
341 410
341 621
341 974
342 1168
342 1858
342 1192
342 503
343 718
343 1378
344 1350
344 1009
344 1772
344 386
344 641
345 498
345 1125
345 1748
346 1775
347 876
347 1352
347 1397
347 1548
348 544
349 1476
349 893
349 794
349 718
350 844
351 520
351 1336
352 1060
352 647
353 832
353 1582
354 576
354 758
355 1003
356 1850
356 437
356 1901
357 814
358 1863
358 468
359 422
359 1628
360 1925
361 1213
361 1317
363 742
364 1736
364 753
364 1425
365 1752
366 1701
366 558
366 1874
366 1055
367 1069
368 698
368 1474
368 852
368 1883
368 1910
368 832
368 1595
368 1446
368 1321
368 797
368 997
368 1792
369 376
369 1920
369 1250
369 1150
369 973
370 909
370 479
371 660
372 1113
372 947
373 1007
373 1414
373 1412
373 661
373 967
373 1651
373 1736
374 1610
374 1484
375 839
377 1693
377 1059
377 890
378 1978
378 1577
378 1675
378 1655
378 1970
379 1784
380 689
381 971
381 1593
382 885
383 1147
383 1907
383 759
383 1126
384 449
385 1003
386 1400
386 1513
387 776
387 1191
388 635
389 1596
390 467
390 991
391 1600
393 698
393 1163
393 460
393 1798
393 1584
393 504
393 1087
394 1608
394 1766
394 1992
395 945
397 1494
397 1265
397 885
397 1752
397 438
398 1469
399 1115
399 755
399 1342
399 1374
399 583
399 638
399 1500
399 1339
400 635
400 1663
400 579
401 1057
401 754
401 1997
401 1009
402 1883
402 1063
402 1238
402 1872
402 1287
403 1369
403 1813
403 558
403 959
404 698
404 1536
404 1032
405 480
406 1300
406 583
406 541
406 1294
408 1788
408 453
409 506
410 1095
410 671
411 1745
412 589
412 1189
413 814
413 1941
413 554
414 1364
414 1713
415 1544
416 733
417 1854
417 448
418 817
418 1596
418 985
418 1666
418 647
419 1898
419 1916
419 1657
420 605
421 1874
421 1234
422 1545
422 749
423 1678
423 681
423 1154
423 1249
424 542
425 698
425 1378
425 1676
425 1251
425 1092
426 1550
426 897
427 461
428 1313
428 1572
428 1509
429 1947
429 1846
430 1518
430 454
431 858
431 1355
432 1368
432 1867
432 1917
432 1261
432 1001
433 813
434 445
435 1592
436 697
436 1649
436 691
436 1772
436 1186
437 1328
438 1151
439 1427
439 1892
439 889
439 1550
440 1638
440 825
440 1553
440 1621
441 629
441 1592
442 1647
443 1554
443 1922
444 881
444 807
444 1607
444 1718
444 1187
445 1824
445 1147
445 1390
445 926
446 1463
446 1735
447 1703
447 774
448 1867
448 1275
449 1417
449 1168
449 1965
450 1998
450 977
451 523
452 1209
454 693
455 1947
455 524
455 1110
456 679
456 1987
457 1043
458 935
458 958
459 761
460 909
460 1504
460 1624
461 1004
461 1546
461 1158
461 915
461 1456
462 1350
462 572
462 1248
462 1055
463 496
463 586
464 1305
464 644
465 720
466 757
466 1899
467 1041
469 845
469 1374
469 710
469 915
469 1635
469 947
470 1271
470 1299
470 1396
471 578
472 1877
472 911
472 858
472 1925
473 1872
474 1131
475 1871
476 960
476 548
476 1665
476 958
477 1881
478 1247
478 1286
479 569
479 736
481 506
481 1956
481 1508
481 1396
482 1257
482 814
483 1365
484 1910
484 1463
484 1787
484 1175
486 1981
486 1156
487 679
487 957
487 1107
488 921
488 1377
489 927
489 1734
490 1860
490 1661
491 1133
491 1127
492 984
492 704
493 494
493 673
494 504
495 1915
497 1888
498 1506
498 925
499 1419
499 541
499 763
499 564
500 1609
501 937
501 1938
501 1284
502 1197
502 1310
502 1479
503 1355
503 505
503 695
504 698
504 1138
504 1330
504 1966
504 1717
504 1961
504 957
504 1364
505 1957
506 937
506 1365
506 1997
506 1168
507 676
507 1482
507 1277
508 1168
508 1541
509 1368
511 1850
512 1156
512 777
514 1865
515 578
516 697
516 1539
516 531
517 1720
517 1038
518 1233
519 526
521 589
521 957
521 1078
522 1746
524 1193
525 682
525 1594
525 1786
525 1622
525 1596
526 1205
526 948
527 1802
527 676
527 1991
528 1950
528 875
528 1805
529 1006
530 993
530 841
530 1946
530 639
530 916
531 1260
531 568
532 1481
533 1254
534 1042
535 799
536 580
537 1031
537 1913
538 1706
538 1223
539 946
540 1615
540 896
540 1841
540 1264
541 950
541 1803
542 728
543 1826
543 1976
544 1671
545 1364
545 602
546 1896
547 1377
549 1339
549 772
550 1534
550 639
550 958
550 1505
550 1525
551 1602
551 664
551 1194
552 1658
552 1070
552 1598
553 1513
553 1078
554 635
554 1549
554 1832
554 842
555 1480
555 751
556 607
557 1205
557 1873
557 1478
557 773
558 590
558 1988
558 1583
558 1741
558 791
558 1981
558 1039
559 1119
560 1752
560 1140
561 1232
561 1041
562 1724
563 694
563 1771
563 630
563 1736
563 1845
564 1447
564 1857
564 1699
564 1151
564 1805
564 1081
565 1474
565 1671
565 1161
565 1434
565 898
565 1802
566 678
566 1224
567 1506
568 720
568 1479
568 682
568 694
568 976
569 1257
569 1577
569 770
570 1177
570 904
571 1877
572 1890
573 1314
573 1022
573 749
573 1614
573 1381
574 1041
575 623
576 1948
577 1985
578 1410
578 814
579 821
579 1357
580 812
580 1961
580 1555
580 807
582 778
582 1094
582 1762
583 1122
584 937
585 897
586 1203
586 1672
586 950
586 1926
586 692
586 1730
586 701
587 844
588 1152
589 1738
590 1951
591 1428
591 886
591 972
592 853
592 716
593 1271
593 1981
593 623
593 1691
594 1750
595 1494
596 611
596 1952
596 1439
596 814
596 1875
596 686
596 1041
597 642
597 1427
597 1717
597 1357
598 1814
599 1692
599 1760
600 765
600 1625
600 1875
601 1749
601 1440
603 1448
603 688
604 1619
606 1742
606 1443
606 1815
608 1380
608 1423
609 1254
609 1374
610 1169
610 1886
611 765
611 1614
612 1257
612 1951
613 1411
613 1278
613 631
613 1622
614 1446
614 1701
614 777
614 704
615 1586
616 1810
617 1430
617 1389
620 649
620 654
620 1551
621 707
622 751
623 1210
623 1101
623 1270
624 1200
624 1410
624 828
625 1349
625 1548
625 1524
626 1672
626 1894
627 995
627 1587
627 1465
627 1433
628 1161
628 1953
628 870
629 970
629 1479
629 1390
629 1658
631 1599
632 899
632 1290
632 1575
633 1719
634 1892
634 1579
635 1156
636 1459
636 1390
637 870
637 897
637 1619
638 917
639 1491
639 1484
639 1866
639 994
639 1153
640 1026
641 931
642 662
643 981
645 1832
647 1354
648 1131
649 1236
649 763
651 1262
652 1704
652 1040
653 1292
655 1231
656 713
657 1919
657 1335
658 853
658 1262
659 1314
660 1898
660 1505
660 800
660 1360
660 1197
661 1681
662 1529
662 1090
662 1668
662 757
663 1405
665 1274
665 1185
665 1616
665 1973
666 1913
667 942
667 1082
668 841
669 1434
669 1046
670 1034
670 1980
670 996
671 2000
672 690
672 1968
672 832
672 1783
674 1094
675 1927
676 1400
676 1383
676 1197
676 1866
676 1926
676 1479
676 1209
677 1480
677 1802
678 1471
678 1770
679 858
680 1047
680 822
680 1612
680 1538
682 881
682 1679
682 1688
682 1774
682 736
682 1364
683 1506
683 1565
683 1387
684 1329
685 734
685 767
685 1375
685 1851
685 1731
686 1464
686 1191
687 1414
688 1782
689 1565
689 762
689 1257
690 1602
690 1009
690 1791
690 844
690 1782
691 1355
691 1690
691 1432
692 792
692 1332
692 1932
692 1529
692 1996
692 1583
692 1565
694 1474
694 966
695 1043
695 1194
696 1396
697 1916
697 1855
697 1174
698 1271
698 998
698 712
698 903
698 1573
699 1877
699 1577
699 1757
699 1566
699 1634
699 1652
700 1252
702 832
702 1345
702 1017
703 1599
705 1008
705 1047
706 722
708 1799
708 1699
709 1554
710 1156
710 1733
710 1730
711 1012
711 1098
712 1529
712 1273
713 1249
714 1788
714 933
715 1355
715 1749
716 986
716 1700
716 1815
717 1825
719 1564
719 804
720 764
720 1705
720 941
721 1206
721 835
721 1209
722 1252
722 1759
723 1147
723 1960
723 737
728 1479
728 1167
728 1951
728 818
729 1090
730 1376
731 1827
731 1207
731 915
732 854
732 1730
734 1271
734 1710
735 1064
735 1348
735 1693
736 815
736 1186
736 1932
737 1400
737 1490
738 1503
739 1254
740 1445
740 1134
741 999
742 1844
742 1534
742 1483
742 1459
742 932
743 1986
743 1048
744 946
746 862
747 1012
748 1877
749 1955
750 1237
750 1415
751 1569
751 2000
751 1249
753 1259
753 1121
754 1370
754 1607
754 1948
756 1734
756 1201
756 1239
757 1027
757 1804
758 1273
758 1135
758 1900
759 1605
759 1504
760 1372
761 1644
761 1426
761 1540
761 1607
761 858
762 1106
762 1753
763 1542
764 846
765 1622
765 1636
767 1905
769 1299
771 1257
771 1996
772 1741
772 1857
772 1624
773 1690
774 1953
774 805
774 1136
774 884
775 1668
775 1475
776 1679
776 1104
776 1412
777 1272
777 1174
778 1471
778 1727
778 1420
779 1604
779 1218
779 1891
779 1362
780 1250
780 892
781 1729
782 926
783 794
783 802
783 1388
783 1529
783 1374
784 1504
785 885
785 1933
785 1370
788 1971
789 1648
790 1356
791 1513
792 1784
793 831
794 1911
795 1842
797 1152
797 1073
798 837
799 1706
799 1564
799 1922
800 1323
804 1048
805 1249
805 1149
805 1257
806 1375
809 1400
810 1288
810 1696
811 1315
811 840
811 1333
812 1748
813 1688
813 986
813 1887
814 1717
814 1941
815 1654
816 1974
817 1389
818 965
820 1715
820 1412
821 1881
821 1205
821 1096
822 988
822 1556
823 1147
823 1489
823 1781
823 1576
824 1617
824 1051
824 1085
824 1863
824 939
827 881
827 1015
828 1372
828 1772
829 1925
829 1061
832 1441
833 1927
834 842
834 940
836 1410
836 1017
837 911
838 885
838 1562
838 1894
839 1159
840 1293
840 1068
840 1686
843 1244
844 1290
844 1641
846 1747
846 1635
846 1974
847 1898
848 1684
849 1684
850 990
850 1852
851 1088
851 1666
851 1347
851 1519
851 1436
852 853
852 1118
852 1401
852 1533
852 1234
853 1520
853 1007
854 1787
854 1512
855 1992
855 1709
856 1948
858 1401
858 1346
858 1391
859 1029
859 1339
861 1015
861 1648
861 1825
861 1240
862 1483
863 1227
863 1457
864 988
864 1763
865 1430
865 1541
866 1534
866 1669
867 1650
867 1962
868 900
868 1167
869 1368
869 1364
869 1834
870 1244
870 1327
871 1770
872 1622
872 1537
872 1744
873 1472
873 926
874 1235
876 1559
877 1866
878 1640
879 1013
879 901
880 1274
880 1006
880 1282
880 1816
881 1474
881 1608
881 971
881 1448
881 911
881 1699
881 1294
883 1638
883 1334
883 1026
883 1435
884 1163
884 1792
884 1698
885 1686
885 1160
886 1391
886 921
887 897
887 1642
888 1277
890 1318
891 1057
892 1872
892 1239
893 1449
893 1117
894 1729
895 1858
895 1306
897 1054
897 1936
897 984
897 915
898 1196
899 1572
900 1454
902 1494
903 1412
905 1534
906 1258
906 1717
908 1494
908 1680
908 1620
909 1506
909 1603
909 1741
909 1400
910 1282
910 1133
910 1042
910 1050
911 967
911 1012
911 1433
911 1251
911 954
911 1510
911 1295
911 1570
911 1446
912 1426
912 1000
913 1065
914 1533
914 1173
916 1282
916 1577
916 1112
917 955
917 1949
917 1380
919 1002
919 1886
919 1295
919 1831
920 1274
920 1609
920 1105
920 1507
920 1735
921 1766
922 993
922 1659
922 1187
922 1267
923 1021
924 1280
925 1422
926 1601
926 1729
926 1005
927 1340
928 1723
930 1604
932 1340
932 1996
935 1374
936 1812
936 1809
936 1374
937 1594
937 1561
939 1755
940 1867
942 1203
942 1056
942 1019
943 1917
944 1265
948 1413
949 1870
950 1923
950 1141
951 1843
951 1921
952 1645
953 1323
954 1990
954 1311
954 1645
954 1651
955 1494
955 1176
955 1814
956 1993
956 1479
957 1222
957 1438
959 1594
960 1550
960 1214
960 1235
960 1857
960 1914
961 1849
962 1854
968 1143
970 1746
971 1826
971 1773
973 1506
975 1673
976 1383
976 1018
976 1037
977 1397
978 1446
978 1553
980 1301
982 1971
983 1707
985 1689
985 1400
986 1499
986 1270
987 1672
988 1006
989 1715
990 1359
990 1031
993 1882
994 1579
995 1252
996 1665
996 2000
997 1213
998 1840
999 1670
1000 1253
1002 1483
1003 1824
1004 1407
1004 1279
1004 1613
1005 1215
1005 1372
1005 1399
1006 1011
1007 1872
1007 1079
1008 1787
1009 1615
1009 1479
1009 1047
1010 1896
1011 1683
1012 1242
1013 1725
1013 1146
1013 1585
1014 1599
1015 1091
1016 1428
1017 1505
1017 1051
1018 1518
1021 1075
1022 1866
1023 1079
1024 1591
1025 1699
1025 1849
1025 1067
1027 1859
1027 1800
1027 1378
1027 1435
1030 1582
1031 1374
1033 1401
1033 1278
1034 1774
1034 1309
1034 1633
1035 1786
1035 1363
1036 1883
1036 1715
1036 1249
1036 1414
1037 1074
1038 1406
1038 1805
1038 1571
1038 1926
1039 1289
1040 1568
1040 1370
1041 1563
1041 1314
1041 1166
1044 1751
1045 1202
1048 1701
1049 1269
1049 1199
1049 1290
1050 1093
1051 1817
1051 1905
1052 1215
1052 1367
1052 1563
1053 1531
1053 1807
1055 1494
1055 1580
1057 1994
1057 1143
1058 1168
1058 1684
1059 1700
1059 1945
1060 1602
1060 1215
1060 1171
1063 1655
1064 1785
1065 1577
1066 1198
1068 1374
1070 1541
1071 1521
1072 1407
1072 1203
1072 1350
1072 1469
1072 1667
1072 1495
1075 1476
1076 1943
1080 1095
1083 1197
1085 1321
1085 1337
1086 1350
1086 1843
1087 1986
1088 1931
1088 1718
1088 1517
1089 1359
1089 1295
1090 1106
1092 1596
1094 1588
1095 1590
1095 1446
1097 1797
1099 1219
1100 1369
1102 1943
1102 1331
1103 1519
1106 1886
1107 1591
1107 1314
1107 1987
1108 1483
1109 1664
1110 1404
1112 1150
1115 1471
1115 1339
1116 1934
1120 1808
1121 1940
1123 1505
1124 1630
1124 1179
1128 1215
1128 1239
1130 1803
1130 1541
1132 1526
1133 1726
1133 1703
1133 1570
1133 1771
1136 1795
1137 1432
1137 1998
1141 1371
1142 1877
1144 1936
1145 1647
1147 1288
1148 1965
1149 1750
1149 1886
1149 1684
1149 1974
1150 1530
1150 1585
1151 1352
1153 1886
1153 1256
1155 1812
1155 1542
1156 1359
1156 1863
1156 1684
1156 1397
1157 1237
1157 1949
1159 1774
1159 1867
1160 1505
1160 1370
1161 1643
1161 1748
1162 1293
1162 1686
1163 1971
1163 1724
1163 1930
1164 1741
1164 1580
1165 1242
1166 1279
1166 1895
1168 1900
1168 1723
1169 1374
1170 1189
1171 1959
1172 1326
1172 1789
1175 1831
1175 1183
1175 1295
1177 1500
1178 1747
1179 1411
1179 1865
1180 1607
1180 1544
1181 1671
1182 1458
1185 1488
1185 1353
1188 1829
1188 1935
1191 1397
1191 1903
1191 1667
1193 1945
1194 1696
1194 1811
1194 1814
1195 1958
1198 1787
1198 1369
1200 1651
1200 1644
1200 1325
1200 1216
1202 1394
1202 1377
1202 1877
1202 1543
1203 1515
1203 1791
1204 1742
1205 1950
1205 1260
1206 1471
1207 1984
1209 1537
1210 1725
1210 1906
1210 1685
1212 1985
1213 1607
1217 1675
1218 1610
1220 1236
1221 1548
1221 1973
1222 1675
1222 1818
1223 1975
1225 1877
1225 1475
1226 1476
1227 1269
1227 1374
1227 1547
1228 1277
1228 1817
1229 1362
1232 1639
1233 1493
1234 1923
1234 1774
1236 1774
1236 1769
1237 1287
1238 1253
1243 1483
1243 1739
1244 1624
1245 1429
1245 1255
1246 1660
1246 1963
1249 1340
1250 1998
1250 1505
1250 1345
1251 1447
1252 1843
1253 1864
1254 1363
1254 1746
1257 1334
1258 1727
1259 1447
1261 1949
1263 1520
1264 1818
1264 1570
1264 1681
1264 1726
1267 1303
1268 1974
1269 1448
1269 1602
1269 1785
1270 1920
1271 1407
1272 1536
1274 1651
1275 1326
1276 1612
1278 1944
1278 1348
1279 1494
1279 1498
1279 1535
1279 1472
1279 1570
1280 1370
1280 1841
1280 1474
1281 1644
1282 2000
1283 1558
1283 1751
1283 1395
1284 1868
1288 1982
1292 1825
1293 1585
1293 1938
1295 1490
1295 1485
1296 1498
1297 1908
1299 1721
1299 1776
1300 1910
1300 1629
1301 1931
1302 1712
1303 1690
1307 1617
1307 1484
1308 1519
1309 1636
1310 1957
1312 1321
1312 1976
1313 1595
1314 1833
1316 1681
1320 1659
1325 1640
1326 1836
1326 1356
1328 1684
1331 1886
1333 1641
1338 1770
1339 1546
1339 1526
1340 1672
1340 1467
1341 1631
1343 1652
1344 1583
1344 1370
1345 1468
1346 1904
1347 1436
1348 1883
1348 1479
1348 1601
1349 1528
1350 1727
1350 1829
1351 1863
1351 1716
1355 1926
1355 1906
1355 1603
1357 1625
1363 1662
1363 1948
1364 1673
1365 1792
1366 1581
1366 1957
1367 1699
1367 1735
1367 1421
1368 1384
1368 1814
1369 1856
1369 1848
1370 1886
1371 1400
1371 1943
1371 1797
1371 1499
1371 1762
1373 1701
1375 1714
1378 2000
1379 1514
1380 1971
1380 1442
1381 1445
1382 1458
1385 1438
1386 1910
1386 1589
1389 1824
1389 1437
1393 1929
1394 1786
1394 1637
1398 1638
1400 1883
1400 1444
1403 1743
1404 1896
1404 1504
1405 1971
1405 1861
1405 1699
1407 1558
1407 1500
1408 1919
1409 1778
1412 1459
1414 1923
1414 1475
1416 1606
1418 1844
1419 1882
1427 1934
1428 1719
1431 1735
1435 1902
1436 1920
1436 1557
1437 1950
1438 1780
1438 1880
1440 1920
1441 1559
1441 1453
1445 1699
1447 1560
1447 1758
1447 1957
1448 1454
1450 1482
1450 1655
1451 1761
1452 1971
1454 1812
1458 1553
1458 1564
1460 1823
1462 1688
1462 1670
1464 1476
1464 1969
1465 1959
1465 1596
1468 1883
1468 1974
1469 1827
1470 1566
1471 1714
1471 1650
1474 1881
1474 1871
1475 1697
1475 1973
1476 1494
1477 1693
1478 1918
1480 1693
1480 1582
1482 1601
1484 1702
1485 1636
1485 1792
1486 1743
1486 1514
1487 1803
1490 1994
1491 1768
1491 1923
1492 1503
1496 1921
1498 1754
1499 1954
1499 1938
1500 1527
1502 1804
1503 1712
1504 1813
1506 1583
1507 1598
1508 1675
1508 1598
1509 1828
1511 1936
1511 1815
1516 1883
1518 1839
1520 1599
1520 1954
1521 1573
1523 1591
1529 1614
1529 1631
1530 1766
1531 1572
1532 1687
1534 1814
1538 1822
1539 1954
1541 1675
1544 1580
1545 1961
1546 1615
1550 1796
1550 1743
1555 1691
1557 1670
1557 1913
1557 1904
1558 1689
1564 1662
1566 1704
1572 1723
1572 1964
1574 1667
1575 1694
1577 1719
1577 1656
1577 1857
1577 1685
1577 1748
1586 1907
1589 1597
1591 1715
1594 1796
1595 1865
1596 1655
1598 1855
1599 1862
1600 1819
1601 1840
1604 1780
1606 1737
1608 1742
1609 1994
1611 1743
1612 1761
1612 1722
1612 1885
1615 1794
1617 1646
1618 1796
1623 1761
1623 1627
1630 1715
1632 1734
1633 1992
1633 1853
1636 1822
1641 1908
1651 1994
1655 1923
1658 1797
1658 1889
1664 1883
1665 1677
1666 1888
1666 1944
1667 1961
1672 1886
1672 1857
1672 1937
1674 1953
1674 1808
1675 1720
1675 1682
1676 1685
1679 1768
1681 1768
1684 1691
1686 1857
1689 1893
1692 1860
1692 1806
1693 1910
1693 1956
1693 1759
1694 1796
1694 1937
1696 1997
1702 1971
1704 1747
1714 1836
1714 1730
1714 1964
1714 1924
1717 1886
1717 1984
1720 1947
1724 1850
1727 1814
1728 1948
1729 1796
1732 1963
1734 1869
1734 1963
1746 1844
1746 1884
1746 1922
1750 1955
1763 1889
1766 1854
1766 1778
1767 1822
1772 1904
1772 1944
1778 1838
1782 1929
1784 1803
1785 1942
1790 1882
1793 1945
1796 1832
1799 1896
1801 1858
1802 1971
1804 1923
1805 1889
1814 1923
1817 1926
1849 1999
1850 1927
1856 1909
1865 1941
1866 1875
1868 1871
1870 1924
1875 1997
1878 1975
1882 1902
1892 1983
1898 1910
1901 1977
1903 1945
1910 1928
1910 1921
1913 1968
1915 1950
1920 1926
1926 1976
1949 1990
1952 1973
1957 1961
1962 1977
1964 1988
1993 2000
