1000 1298
1 114
1 898
2 568
2 489
3 139
3 546
3 919
3 519
4 769
4 56
5 120
6 460
7 989
7 483
8 444
9 476
10 686
10 759
11 612
11 454
12 607
13 678
14 540
14 943
14 939
14 389
15 470
16 631
16 553
16 819
17 340
17 372
18 126
19 228
19 598
19 943
19 619
20 162
21 665
22 269
23 366
24 501
25 691
25 459
25 830
25 872
25 823
25 997
26 379
26 775
26 289
27 56
27 659
28 126
29 126
29 662
29 490
29 218
29 341
30 769
30 967
30 307
30 357
30 811
30 795
31 650
31 504
31 374
31 940
31 91
31 300
32 432
32 555
33 791
33 571
34 358
34 843
34 535
34 690
35 804
36 876
37 257
37 609
37 553
37 580
38 448
38 493
39 781
40 772
41 662
42 745
43 960
43 132
44 381
44 349
45 461
45 855
45 393
46 58
47 871
47 684
47 230
47 157
47 984
48 539
48 854
49 170
50 568
50 902
51 78
52 851
52 231
53 84
54 621
54 153
54 985
55 768
55 317
56 362
57 983
57 399
57 268
58 755
58 786
58 905
58 793
58 610
58 181
58 194
58 338
58 956
58 270
58 767
59 885
59 245
59 803
60 348
60 816
61 343
61 328
62 642
63 271
63 352
63 459
63 855
63 425
63 354
64 981
65 246
65 176
66 742
67 296
67 406
68 533
68 531
68 498
68 883
68 514
69 766
69 506
69 918
70 257
70 789
70 583
70 814
70 415
71 575
71 255
71 637
71 810
71 180
72 516
73 487
73 910
73 844
74 647
74 121
75 717
75 847
76 792
76 957
77 579
77 525
77 694
77 263
78 515
78 186
78 229
79 715
80 657
81 972
82 939
83 469
83 228
84 780
84 86
85 755
85 271
85 927
86 353
86 897
87 355
88 283
88 322
88 390
88 459
88 413
88 679
89 935
90 989
90 239
90 94
92 448
92 614
93 500
93 119
95 170
96 912
96 467
97 791
97 727
98 669
99 738
99 391
100 568
100 333
100 463
100 571
100 314
100 542
100 229
101 587
101 782
101 701
102 828
102 296
103 428
104 566
105 905
105 302
106 727
106 418
106 626
107 720
108 439
108 452
108 925
109 638
110 287
111 455
111 628
111 893
112 769
112 159
113 498
114 288
114 252
115 814
116 652
117 590
117 756
117 587
117 365
117 657
118 603
118 859
118 691
119 417
120 919
120 336
120 313
120 688
120 401
121 445
121 782
121 894
122 257
122 681
122 518
122 395
123 770
124 196
125 781
126 482
126 647
126 455
126 284
126 768
127 658
127 877
127 312
127 319
127 674
127 596
127 604
128 531
129 427
129 364
129 637
129 748
130 225
131 640
131 295
131 753
132 265
133 430
134 375
135 415
135 866
136 487
137 262
137 288
137 640
137 377
138 794
139 960
139 985
139 752
140 959
141 884
141 361
142 306
143 238
144 171
144 844
144 893
145 226
145 690
145 758
145 185
145 854
146 299
146 160
147 670
148 847
148 304
148 609
148 518
149 694
149 878
150 608
151 343
151 502
152 683
152 354
153 404
153 591
153 682
153 206
153 531
153 835
153 270
154 225
154 661
155 458
155 838
155 386
155 302
155 888
156 649
158 441
158 569
160 629
160 915
161 586
162 340
163 340
164 226
165 566
165 594
166 291
167 221
168 651
169 506
169 709
170 745
171 612
172 876
173 703
174 453
175 905
176 558
177 373
177 984
178 428
178 643
179 739
179 887
180 352
180 492
180 309
181 537
181 496
182 857
182 560
182 831
182 209
182 894
183 859
183 576
183 699
184 669
184 438
185 842
185 378
185 712
185 692
186 737
187 547
188 959
188 772
189 389
189 856
190 592
190 719
191 267
192 340
193 739
193 474
193 477
194 677
195 482
196 226
196 836
197 700
197 327
197 621
198 620
198 980
199 225
199 870
199 269
199 227
199 835
199 499
200 783
201 588
202 487
202 426
202 277
203 345
203 297
204 1000
204 673
204 603
205 926
207 938
207 425
207 552
207 430
208 825
208 840
208 423
210 493
210 789
211 662
212 543
213 311
213 822
213 778
213 666
213 445
213 484
214 945
214 531
215 773
216 700
217 915
218 958
219 833
220 278
221 698
221 825
222 256
222 354
223 482
223 807
224 620
225 568
225 404
225 723
225 845
225 718
225 370
226 264
226 719
226 697
226 553
228 320
228 694
229 933
229 680
229 357
230 344
230 419
230 459
230 901
230 843
232 665
232 488
232 626
232 958
233 453
233 643
234 780
234 574
234 267
234 400
235 605
235 944
235 835
236 336
236 615
237 669
237 531
237 524
237 919
237 690
237 273
237 542
237 831
238 373
238 989
238 851
240 629
240 991
240 860
241 496
241 587
241 711
242 696
242 888
243 756
243 348
243 908
244 453
245 612
245 421
246 735
246 952
247 284
248 750
248 790
249 726
250 495
250 325
251 568
252 942
253 947
253 973
253 731
253 977
253 439
254 828
255 843
255 800
255 632
256 851
256 462
257 697
257 274
257 621
257 978
257 332
258 802
259 447
260 313
261 807
262 620
263 283
264 960
264 566
264 706
264 618
264 637
264 508
264 641
264 831
265 671
266 370
267 786
267 941
267 798
267 694
267 855
267 955
267 289
267 609
267 945
268 271
269 580
269 405
270 384
271 458
271 990
271 471
271 711
272 541
273 550
273 297
274 396
275 299
276 878
278 713
278 855
278 401
278 320
278 598
278 719
278 373
279 554
279 994
280 951
280 402
281 658
281 970
282 793
283 487
283 727
285 947
285 346
286 552
287 725
289 857
289 338
289 439
289 635
290 972
290 339
291 334
291 445
291 875
291 546
291 747
291 625
292 971
293 470
294 857
295 559
296 537
298 393
299 912
300 486
300 758
300 344
300 446
301 920
301 982
301 323
302 732
302 663
302 830
302 577
303 445
305 769
305 595
306 575
308 602
309 557
309 771
309 821
310 750
310 359
311 457
315 627
315 704
315 915
316 334
317 427
317 673
318 509
319 405
319 539
320 915
321 458
323 590
323 425
323 673
323 665
324 946
324 525
324 982
326 748
326 478
326 675
326 965
328 848
329 989
329 421
329 684
329 727
330 684
331 403
331 445
332 975
334 945
334 794
334 913
334 995
334 720
334 368
334 679
335 343
335 946
335 869
337 338
338 467
338 508
340 352
340 950
340 431
342 454
343 972
343 401
345 927
347 356
347 486
348 970
350 370
350 401
350 868
350 861
350 784
350 624
351 483
352 686
352 654
352 486
352 591
353 649
354 583
354 592
354 365
354 646
355 989
355 744
356 979
356 721
357 633
357 758
357 518
358 755
358 828
358 416
358 363
358 486
359 830
360 845
360 893
361 893
362 797
366 686
366 616
366 503
367 851
367 585
367 421
368 532
368 513
369 388
370 920
370 999
370 773
371 874
371 801
371 894
371 822
372 446
373 899
373 947
373 757
373 428
373 936
375 979
375 448
375 974
375 570
376 960
378 482
379 946
379 670
380 931
380 833
381 874
381 829
381 773
381 708
382 837
383 686
383 926
383 600
383 781
383 628
383 735
385 874
385 494
385 862
386 685
387 729
388 774
389 488
389 468
390 537
391 919
391 776
392 837
393 731
393 631
393 782
393 398
394 616
394 996
396 820
397 696
397 627
397 685
397 917
397 832
398 414
400 928
401 793
401 684
403 913
404 792
404 813
404 766
405 637
406 872
406 486
407 457
408 718
409 674
410 950
410 530
411 428
411 598
411 450
412 640
412 760
412 567
413 754
413 903
413 617
414 960
414 880
414 425
414 445
414 418
414 468
416 728
416 687
418 611
418 487
418 639
419 589
420 600
420 522
421 830
421 444
421 579
422 698
424 437
425 826
425 534
425 709
426 968
427 775
427 662
427 627
428 540
428 538
429 802
429 921
429 598
432 665
432 931
433 704
434 678
435 469
436 940
437 541
437 606
439 880
440 665
440 500
441 698
441 922
442 468
442 703
442 844
443 832
443 577
443 878
444 621
444 734
444 977
444 991
445 738
447 726
447 873
449 470
449 485
449 764
450 982
450 468
451 938
453 455
454 678
454 725
454 690
455 586
456 473
457 482
458 652
459 491
459 593
459 526
459 875
460 723
461 807
461 874
461 849
464 807
464 805
465 629
466 791
468 494
468 516
468 979
468 743
469 537
470 487
471 893
472 718
473 894
475 808
476 995
479 939
479 546
479 740
480 603
480 683
481 650
481 696
481 850
482 755
482 603
482 802
482 495
482 524
482 964
484 948
484 660
486 653
487 899
487 622
487 879
487 708
488 722
493 558
494 533
495 689
497 950
498 756
498 513
499 941
499 932
500 609
500 776
501 584
501 827
504 529
504 846
504 976
505 596
505 692
506 705
507 594
507 894
507 994
509 728
510 725
511 615
512 959
513 714
514 532
514 667
515 620
515 658
515 1000
517 905
517 915
519 826
520 735
521 972
521 727
523 566
525 984
525 969
527 728
528 950
528 804
529 656
529 563
531 591
531 875
531 970
531 984
531 686
532 736
533 690
533 748
536 871
537 785
537 936
537 937
539 547
539 623
539 598
539 897
541 786
543 696
544 606
544 719
544 820
545 784
545 580
547 754
547 678
548 685
548 949
549 870
550 781
551 808
553 777
554 610
555 740
556 856
557 923
558 825
558 716
558 608
560 727
561 980
562 995
564 794
565 566
565 981
566 799
567 842
567 631
567 821
568 650
568 934
568 582
570 618
570 673
571 889
571 829
572 796
573 713
575 676
576 885
578 738
578 673
579 927
580 604
581 897
584 718
587 738
588 852
588 815
590 783
590 597
594 676
594 841
595 709
596 862
599 857
599 619
599 629
599 778
601 718
602 720
602 953
603 824
603 865
604 886
605 947
605 642
605 972
605 884
607 876
607 735
608 618
610 674
611 876
613 885
616 878
616 897
616 791
618 986
619 904
619 882
619 954
619 710
620 899
620 650
620 717
620 769
621 855
621 825
624 683
624 987
625 732
627 763
627 827
628 664
628 639
630 848
630 762
630 835
631 643
631 982
632 989
632 644
634 699
635 842
636 876
638 786
638 975
639 787
640 667
643 970
643 936
645 962
646 801
647 945
647 919
647 730
648 756
650 698
650 959
650 875
651 874
652 733
652 925
653 843
653 818
654 742
654 916
655 782
656 726
658 820
660 998
660 713
660 715
660 668
661 966
662 855
664 734
665 756
665 962
667 737
668 878
668 770
668 896
669 960
669 839
672 878
673 830
674 707
683 955
683 716
683 732
684 910
685 812
685 891
685 843
685 980
686 783
686 788
690 711
690 829
691 998
693 867
694 976
695 877
696 746
697 901
700 975
702 885
702 800
704 819
706 881
711 714
712 722
716 890
716 797
716 829
717 912
717 938
719 948
719 922
721 984
723 935
724 834
728 741
728 810
729 864
731 834
735 842
736 937
738 869
738 797
739 829
745 995
747 823
749 905
749 853
750 983
751 862
752 958
754 783
754 871
755 899
755 783
757 988
761 917
761 822
765 874
767 909
769 960
773 863
773 970
774 899
778 791
779 839
780 874
784 793
785 806
787 903
789 936
791 970
793 864
796 799
797 911
800 875
808 940
809 988
813 928
813 984
817 908
817 922
820 997
822 828
825 874
825 983
825 924
828 943
830 993
834 906
837 945
845 924
849 985
851 929
851 961
852 859
855 930
857 874
857 971
858 985
861 871
867 869
868 998
868 895
874 978
876 897
878 910
882 901
883 979
890 981
892 963
893 984
897 963
900 988
901 958
905 936
907 976
910 974
914 963
919 925
925 945
926 951
955 973
962 963
969 983
991 992
