2500 3297
1 769
2 82
2 855
2 1042
2 279
2 1444
2 2098
3 1525
3 1323
4 2315
4 1174
4 99
4 894
5 1857
5 1386
5 1980
6 1957
6 831
6 2200
6 11
6 412
6 2336
7 351
7 2387
7 393
8 2277
9 708
9 646
9 2363
9 1671
9 1184
9 2287
9 2362
9 2408
9 703
10 1923
11 1765
11 1860
11 1778
11 38
11 809
11 267
11 1071
11 1138
11 1076
11 1110
11 1126
11 2249
12 315
13 1344
13 1682
13 58
14 2229
15 2096
16 1611
17 1062
18 1913
19 1628
19 1645
19 2190
19 1960
20 1935
20 1001
20 873
20 1373
20 1631
20 1207
21 550
21 1664
21 180
22 261
23 1587
24 800
24 1773
24 2174
24 1837
24 187
25 1538
25 66
25 1781
25 1403
26 1692
26 835
27 1705
27 1193
28 1198
28 2016
28 773
28 739
28 1911
29 1012
29 2042
29 2112
29 298
30 782
31 1751
31 1328
31 328
31 371
31 369
32 162
32 711
32 1722
33 768
33 1638
34 1733
35 866
35 2253
35 1259
36 563
36 2134
37 1439
38 1768
38 2184
38 2195
38 1497
38 1525
39 1385
40 128
41 1982
41 1026
41 1707
41 312
42 1281
42 362
42 873
43 931
44 424
44 1740
44 1194
45 1661
46 1350
46 819
46 756
46 278
47 826
47 1625
47 700
47 521
47 822
47 1919
47 2200
47 1566
47 738
47 125
47 1010
48 2167
48 2404
48 225
48 972
48 1021
48 126
49 1206
50 2260
51 497
51 1985
51 657
51 1365
51 1931
51 192
51 1560
51 540
51 1471
51 2177
52 371
53 1063
54 1982
54 233
54 2087
54 639
54 2303
54 1095
54 340
54 1137
55 1402
55 1955
56 1532
57 1854
58 1054
58 1395
58 125
58 2232
59 893
59 1584
59 493
60 375
60 2191
61 1376
62 1399
63 1985
64 1346
64 682
64 1105
65 1693
65 1930
65 1720
66 347
66 2200
66 1402
66 1074
66 898
66 153
67 2456
67 236
67 2316
68 2434
69 1468
69 733
70 1777
70 2486
70 2039
71 1539
71 117
72 429
72 1611
72 516
72 759
72 526
72 1751
72 1044
72 1701
72 2356
72 1254
73 2283
73 1944
73 784
73 2383
73 1875
73 1652
74 1088
74 1925
75 1374
75 1492
75 2219
75 1813
75 694
75 1892
75 926
76 2301
76 781
77 539
77 1342
77 416
77 1662
78 1374
78 1620
78 518
78 1433
78 422
78 1721
78 2312
79 1872
80 505
80 1722
81 1575
82 2182
82 1525
82 938
83 1713
83 2334
84 1179
84 555
84 601
85 119
85 164
86 1796
86 2180
86 2135
86 1890
86 2131
86 1782
86 2379
87 1372
88 866
88 1354
88 386
88 1524
89 631
90 1611
90 374
90 1037
91 683
91 1632
91 1697
91 2377
91 1763
91 2128
91 2102
91 167
91 887
92 1641
92 1019
92 181
92 1522
92 1104
92 2428
92 945
92 966
92 2414
93 205
94 336
94 465
95 2351
95 1438
95 1927
96 908
97 452
97 1186
97 2199
97 332
97 689
97 2474
97 640
97 1836
97 592
98 508
99 864
99 534
100 2011
100 2020
100 1332
100 2460
101 790
102 842
102 705
103 1734
103 2054
104 1726
104 1815
105 1322
105 838
105 2133
105 1095
106 830
107 2018
108 2217
109 945
110 1108
110 286
111 1238
111 898
112 676
112 587
113 1149
113 232
113 174
113 559
113 865
114 237
114 1111
115 1867
115 207
116 622
116 135
117 1417
118 553
119 1058
119 1882
120 1146
121 1138
121 1843
122 2339
123 431
124 1244
124 1421
125 1634
125 1169
126 1351
127 1878
127 1983
127 1019
127 269
127 361
127 2107
128 988
128 2204
128 2491
128 1631
129 1352
130 1423
130 1280
130 834
131 502
132 332
132 507
132 1865
133 597
133 454
133 2044
133 1098
134 1732
136 224
137 2443
138 1358
138 1336
138 1960
139 1519
140 1430
141 1630
141 961
141 2151
142 1140
143 1458
144 589
144 889
144 1711
144 1927
145 1324
145 321
146 1163
147 676
147 909
148 173
148 2293
149 1379
150 2487
151 1746
151 2166
152 199
153 1137
154 2207
154 1824
154 2456
154 609
155 1549
155 1982
155 324
155 2182
155 607
155 221
155 1928
155 1116
156 2444
156 623
156 1197
156 257
156 1297
156 2167
157 203
157 2441
158 322
158 1060
159 336
159 1652
160 2468
160 578
161 1340
161 676
162 1809
162 2404
163 2084
163 235
164 1352
164 2072
164 2366
164 1126
164 958
164 1910
165 1912
166 1298
166 2408
166 1531
167 1851
167 216
168 862
168 2081
169 2124
170 2359
170 1756
171 654
171 1309
172 2402
173 601
173 496
174 1207
174 1954
174 1539
174 2426
174 1017
175 203
176 541
177 2415
177 900
177 1344
178 1673
178 1530
179 1939
179 2377
181 1745
181 1965
181 1411
182 2413
183 649
184 1073
184 1074
185 659
185 2193
186 817
187 2203
188 1934
189 1948
189 1320
190 237
190 1917
190 1819
191 552
192 364
193 1581
193 1133
194 1251
195 1123
195 1031
196 2263
196 2344
197 1179
197 2358
197 2185
198 1867
199 1705
199 2272
199 1170
199 1450
199 2274
200 622
200 448
201 844
201 799
201 946
202 1704
202 962
202 2000
203 210
203 1501
203 2138
204 1533
204 2100
205 721
205 394
205 2233
205 1744
205 1252
205 817
206 1687
206 2220
207 1648
208 1788
209 531
209 582
209 1863
209 564
209 1358
209 2105
209 1844
209 1356
209 435
209 1436
209 883
210 2426
210 1897
210 1050
211 1437
211 1949
211 444
212 1163
212 2098
213 2386
214 2415
215 1799
216 1592
217 708
218 1882
218 2240
219 2492
220 1813
220 2485
220 2121
221 658
221 1622
222 564
222 2488
222 668
222 1176
222 2165
222 2254
223 2352
224 324
224 1287
225 1028
225 1298
225 334
225 2399
226 1854
227 1917
228 2315
229 740
230 579
230 632
230 2142
231 1808
232 479
232 864
232 353
234 420
235 1616
235 562
236 1368
236 2052
236 604
236 1319
236 656
236 794
236 1663
237 1611
237 293
237 880
237 2142
237 2200
238 2236
239 416
240 1777
240 2114
241 441
241 1927
242 531
242 826
242 672
242 982
243 359
244 388
245 2267
245 1452
246 495
246 902
247 273
247 2043
247 373
248 1357
248 1027
248 387
248 608
249 1731
250 1884
250 2097
251 1752
251 468
252 749
252 792
253 2372
253 916
254 972
255 2018
255 1566
256 1724
256 2386
256 935
258 1358
258 2447
258 1946
259 1935
259 651
259 1514
260 850
260 600
261 621
261 462
262 1912
263 871
264 631
264 1458
264 2174
265 1460
265 2107
266 830
267 750
267 1413
267 2285
267 764
267 964
268 2492
268 1087
269 539
269 458
269 1302
269 1799
270 591
270 1739
270 558
270 401
271 2147
271 706
272 1833
272 954
272 2170
273 1374
273 762
273 429
274 432
274 919
275 1372
276 2384
277 1645
278 1548
278 510
279 1383
279 2227
280 1507
280 930
281 1701
281 2061
281 732
282 961
282 732
283 2191
283 1579
284 749
284 2102
285 1344
285 1064
285 1820
286 1697
286 1142
286 1528
287 652
288 1534
288 1161
288 824
288 806
288 839
289 1245
289 606
290 2103
291 1281
291 1195
292 759
293 1085
294 1525
294 915
294 633
295 1619
295 1095
296 2129
297 602
297 568
297 2375
298 2438
298 1857
299 1137
299 1801
300 521
300 2372
300 1862
301 1799
301 345
301 1246
301 1088
302 749
302 2201
302 598
302 802
303 1022
303 337
303 1777
304 1562
305 1268
305 735
306 2086
306 2100
306 511
306 746
307 1277
307 1232
307 1625
308 354
308 1856
308 779
309 1568
310 1028
310 2475
310 318
310 1989
310 2057
311 1618
311 605
311 1621
311 1754
311 2194
311 1869
312 1073
312 1156
313 993
313 675
313 1382
314 2484
314 2379
314 570
314 963
315 564
315 1491
315 1284
315 511
315 1049
315 738
315 1311
315 1514
315 1607
315 2439
316 840
316 1157
316 1921
317 1414
318 1185
318 2256
318 861
318 540
318 1409
319 1857
320 966
320 2325
320 1045
321 2059
321 1150
321 1956
321 761
321 1247
321 2495
321 1545
322 416
322 2427
323 1468
324 531
324 591
324 650
324 1140
325 2199
325 1368
326 353
327 466
328 1872
328 1831
329 2429
329 2289
329 1316
329 2404
330 787
330 1424
331 834
332 1484
332 1012
333 2276
333 1311
333 2228
333 1851
334 1064
334 444
334 1285
334 501
335 563
335 1795
335 1384
336 993
336 1026
336 1236
336 883
336 776
337 2312
337 1887
338 880
338 803
338 745
339 754
340 1162
341 1765
341 2084
341 1904
341 546
342 2026
342 2424
343 1951
344 1161
344 681
345 1899
346 1331
346 2161
346 2433
347 1153
348 1835
349 1507
349 2353
349 1355
349 645
350 2214
351 531
351 2147
351 2221
352 2028
353 497
353 505
354 512
354 729
354 474
355 1461
355 1061
356 1079
356 1614
356 2009
356 2216
357 2276
358 793
358 1958
359 1626
359 614
359 436
359 1866
360 865
360 2283
360 2427
360 410
360 646
360 1754
361 1536
361 2493
361 1939
362 621
362 396
362 1522
363 1101
363 1010
363 553
365 2001
366 1821
366 1217
366 1837
367 452
368 968
369 555
369 2347
369 2097
370 1475
370 1909
370 1324
370 1319
371 949
371 1889
372 1238
372 601
373 849
373 790
373 1008
373 703
373 609
373 1057
373 1138
374 1098
375 2084
375 1415
375 845
375 548
376 2321
377 1854
377 1610
378 2316
378 2351
378 2096
379 1261
379 2331
380 1322
380 389
380 1155
381 981
381 1324
382 2432
383 1372
384 799
384 1919
384 1856
384 2093
384 2109
385 678
385 669
385 1912
386 2489
386 1138
386 1701
386 433
386 1351
387 1372
387 834
387 1164
388 1439
388 914
389 1449
389 1115
389 1476
389 2229
389 478
390 1895
391 1552
391 493
391 2418
391 502
391 722
392 1654
393 1599
394 1401
394 961
394 2251
395 872
396 959
396 1868
397 1567
398 1490
398 1209
398 541
399 1405
400 1888
400 2306
400 1677
401 527
401 1471
401 1981
402 1146
403 500
404 1419
404 1880
404 2401
405 2071
406 2225
407 1123
408 1119
408 955
409 1692
410 496
410 804
410 2392
411 2202
411 1331
412 2473
412 2350
412 1994
412 1057
412 1488
412 1310
413 1867
414 771
414 2401
414 547
415 2308
415 1560
415 883
415 1911
415 1132
415 1359
415 1107
416 1099
416 2477
417 2026
417 2494
418 1731
419 1783
419 2404
420 2208
421 1610
422 945
423 2046
424 531
424 601
424 1123
424 460
425 1110
426 2205
427 1507
428 1207
428 2222
429 1289
429 2167
429 1738
429 439
429 1932
429 1960
429 1863
429 2098
430 549
430 2047
431 676
432 1549
432 911
432 2246
432 1424
432 1812
433 607
433 1571
433 615
434 708
435 1292
435 1108
435 1243
437 1408
437 704
438 721
438 2078
440 556
440 1023
440 693
440 1440
441 2386
442 480
442 1201
442 1844
442 1045
442 1946
443 1103
443 2183
443 2189
444 937
444 1263
444 1153
444 593
445 2472
446 1278
446 1619
447 1878
447 647
447 1406
447 2079
447 1808
448 1419
449 689
449 2297
449 1129
450 1549
450 472
450 2439
450 1359
450 1851
450 844
451 1181
452 688
452 599
452 1765
452 2202
452 633
452 1043
453 1543
453 1356
454 1845
455 2039
456 1121
456 1472
457 1984
458 1594
458 695
458 1114
458 1234
458 2209
459 1650
459 1488
459 849
459 2309
459 2319
459 2331
461 2397
462 1816
462 2414
462 974
463 846
463 1601
463 1205
463 1017
463 879
463 1138
463 1356
463 1249
463 2238
464 615
466 2048
467 952
469 1997
469 1388
470 866
471 1881
472 2100
472 1942
472 1527
472 2436
472 2140
472 1660
473 1217
475 1289
475 2487
476 2288
477 1328
478 2484
478 2474
479 1178
479 540
479 1654
480 772
480 1423
481 833
482 1942
482 1172
483 1249
484 1957
484 1947
485 1854
485 814
486 1211
487 1556
487 2263
487 1824
487 2122
487 1108
487 2440
488 594
488 1035
488 1696
489 1710
489 843
490 1300
491 2003
491 756
491 1822
492 750
492 899
493 2139
493 1758
493 1646
493 551
494 1465
495 1360
495 1277
495 810
496 730
496 2023
497 1817
497 2080
497 1821
497 622
497 512
497 1039
497 1726
497 2208
497 891
497 752
497 1840
498 501
499 1566
499 919
499 836
500 1022
500 936
500 1402
501 1854
501 726
501 1023
501 2340
501 2182
502 1528
503 1238
504 2428
505 877
505 2022
505 528
506 585
507 867
507 808
508 2372
508 1188
508 1444
509 2102
509 1737
511 2071
512 2397
512 1068
513 758
513 2262
513 2221
513 632
514 943
514 1465
514 1868
514 2143
515 869
515 2339
515 1732
515 1710
516 1103
516 965
516 1733
516 1865
516 1821
516 2482
517 2283
518 1770
519 1960
520 589
521 1162
522 1728
522 583
523 2284
523 641
523 1488
524 1935
524 1418
524 1796
524 2191
525 1447
526 1528
526 1051
526 1468
527 2114
527 1024
528 1583
529 554
529 2010
529 1987
529 2415
529 941
530 1841
530 1036
531 628
531 862
531 1777
531 2229
531 683
531 1403
531 571
532 1813
532 815
532 1070
533 2001
535 1787
535 1025
536 695
537 1920
538 1256
538 834
539 1817
539 1509
539 586
539 680
539 1730
539 996
540 851
540 2165
540 1296
542 1828
543 650
543 1508
543 2342
543 1656
544 2167
545 832
546 1018
547 1404
547 2196
547 1196
549 1179
549 1771
549 1660
549 1418
550 2405
550 1973
550 994
550 1911
551 1668
551 1147
551 932
551 2385
552 1123
552 2192
553 999
553 1640
554 1705
554 1445
554 1141
555 1202
555 2200
555 604
555 1962
555 915
555 1738
555 1821
555 562
556 1178
556 1084
556 1797
557 2487
557 1766
558 2165
559 2308
559 1371
560 984
561 1581
563 742
563 1153
564 2101
564 2285
565 719
565 1855
566 1479
567 1974
568 1652
568 1026
568 2306
568 1451
568 2168
568 1952
568 1546
569 1536
570 2399
570 1658
570 1366
572 2361
573 1609
573 2413
574 811
575 2072
575 2417
575 2169
576 1568
576 1800
576 585
576 837
577 1421
579 1799
579 1032
579 2034
579 1272
580 2207
581 2311
582 2033
584 1626
584 2238
585 1609
586 2403
586 1709
586 1440
586 933
587 1102
587 1153
588 1122
589 1484
589 2020
589 619
589 2120
589 858
589 1429
589 2277
589 1596
590 2064
591 2074
591 1681
592 1980
593 718
593 1357
594 2316
595 1273
595 962
596 2339
597 1440
597 1946
598 1430
598 1029
599 2404
599 1920
600 918
601 2119
601 702
601 2131
602 1580
602 720
602 1545
602 2054
602 1233
603 2437
603 1962
604 1062
604 1619
604 2129
604 651
604 1958
605 969
605 2472
605 2352
605 1569
606 2227
606 2244
608 1824
609 1188
610 910
610 2097
611 1719
611 2102
611 2415
612 1267
613 1289
613 731
613 1986
613 1783
614 2321
614 921
615 785
616 1256
617 877
618 1928
619 1435
619 1966
619 1598
620 683
620 874
623 2027
624 1484
625 1611
625 1005
625 2479
626 1556
626 924
627 1548
627 1518
627 662
627 1959
628 2174
628 1832
629 1202
630 1863
630 1760
630 673
631 1780
631 1413
633 1561
634 949
635 849
636 1480
637 1621
637 1997
637 1980
638 899
638 1719
638 1076
639 2026
640 1181
640 1856
641 728
641 1311
641 1068
642 1132
643 682
643 1443
643 849
644 1868
645 1104
645 1319
645 874
645 2069
646 659
646 1252
647 1712
647 1110
648 1910
649 1198
649 2348
650 1646
651 1100
652 1368
653 1907
653 2385
653 2037
654 1374
654 1063
654 2478
654 1325
654 1191
654 1361
654 693
654 793
655 1320
656 855
656 2252
658 1201
658 1020
659 2416
659 1971
660 1798
660 2205
661 1378
661 1839
662 1317
662 1239
662 1045
663 2063
663 1693
664 2014
665 1567
665 789
666 934
667 1817
667 988
667 2098
667 1957
668 1728
668 2444
670 1149
670 1876
670 1864
670 1248
671 1427
674 2433
675 1859
677 1366
677 1926
678 2040
678 2018
678 2095
678 686
679 1787
679 859
680 807
680 1275
682 2088
684 1491
685 1597
687 1197
687 780
688 1692
688 1626
688 1476
688 2360
689 712
689 903
689 1324
690 2210
690 987
691 2345
692 1228
692 1070
693 1440
693 1318
695 1677
695 1455
695 742
696 1599
697 1794
697 1627
697 875
698 2152
699 1325
699 2285
701 2079
702 1865
704 1424
707 1100
707 1054
707 1962
707 1152
708 1402
708 1705
709 1979
709 2370
709 981
710 1167
710 1752
710 1045
712 1764
713 1207
714 1767
715 1028
715 954
715 1506
716 1658
717 1861
718 2018
718 1378
718 768
718 2388
719 2033
719 1606
720 1904
720 831
721 2033
722 1224
722 857
723 2138
724 2180
725 971
727 2167
730 1774
730 2157
732 2113
733 801
734 827
734 1838
736 1878
736 1251
736 2383
737 1713
738 845
738 1953
738 838
738 1038
739 1180
740 1234
741 1019
741 1577
742 1844
742 2099
742 1820
743 1333
743 1135
743 1000
743 2500
744 1336
745 2340
746 2046
747 2080
748 1799
748 2055
749 764
749 2449
749 1784
749 2465
750 849
750 2448
750 2086
750 2374
750 2454
750 1122
751 1844
751 2130
752 2331
752 809
753 1067
753 1410
754 1979
755 2139
756 1532
756 1697
756 1430
756 1744
756 1864
757 1077
757 1697
757 864
757 831
757 1600
757 767
758 1623
758 1889
759 1943
759 1668
759 884
759 1936
759 2102
760 1178
761 1456
761 1652
761 2230
762 1270
763 1052
764 977
764 1960
764 2463
764 946
765 1689
766 795
767 1231
769 2415
770 2079
771 892
771 2464
772 1374
772 850
772 937
772 2046
772 972
773 1640
773 2420
774 1484
774 836
775 2284
775 1746
775 1189
775 2111
775 1781
776 1310
776 1055
777 1339
777 1397
778 864
778 2123
778 1457
779 1771
779 2440
779 1385
780 1201
780 835
780 2044
780 1513
781 1005
782 1626
782 1093
782 1512
783 2397
784 1451
784 2164
785 2121
786 1425
787 1289
787 1226
787 813
787 1190
787 954
788 888
790 1363
790 2438
791 1188
793 1809
793 1348
793 1845
794 917
794 1589
795 2433
796 889
796 820
797 2204
797 2261
798 1228
798 1991
798 1926
798 1168
800 2381
800 2077
800 941
800 1112
801 1648
801 1774
803 917
803 834
804 817
805 1339
806 1902
806 2261
809 2077
809 1023
809 2005
809 2112
810 1220
811 2098
812 1140
812 1640
812 2042
813 2433
813 1256
813 1262
813 2361
813 1962
813 1476
813 1780
813 2158
813 1098
814 1589
814 1713
816 2480
817 1487
817 1792
818 854
818 838
818 2290
821 2255
821 2404
821 1261
823 1851
823 1642
825 1476
826 1841
826 1548
826 2347
827 1290
828 2197
829 2443
830 886
830 1379
832 1887
832 926
833 2084
833 1310
833 980
834 2404
834 1865
835 1369
835 1681
835 2328
837 2470
838 917
840 1190
841 1904
841 2395
841 1138
841 1408
841 1939
842 2194
843 2050
844 1013
844 1833
845 1581
845 1461
846 1063
846 1427
846 2218
847 2319
847 1288
848 1907
848 2104
848 1580
848 2484
849 1692
849 1817
849 1088
849 2426
849 1204
850 1402
851 1417
852 1952
853 977
853 2500
853 1564
853 1675
854 1424
855 1048
856 1087
856 2433
856 2058
856 2045
857 1572
857 2198
858 2471
858 2276
858 2263
860 902
861 1319
861 1604
862 2492
862 1202
863 2045
864 2492
865 1342
865 913
865 1543
866 1943
866 1877
866 2186
866 2155
866 2231
868 2288
868 1546
869 1270
869 1149
869 1104
870 1100
870 1324
871 1709
872 1396
872 1716
873 2266
873 1652
873 1324
873 1895
874 2297
874 1909
875 1306
875 1076
875 2087
876 2051
878 1490
881 1236
882 1995
882 1269
882 893
882 1274
882 1230
883 1776
885 1409
886 2091
886 1612
887 2443
887 1229
888 1539
888 1654
889 2446
890 1793
890 1482
892 1618
895 2011
896 1543
896 1481
897 2255
897 2351
899 920
901 1028
901 1121
901 1552
901 2275
902 2045
902 1182
902 1852
904 2156
904 1964
905 1661
905 2128
906 1232
907 1103
907 2124
907 1081
908 1414
908 1916
910 1699
910 1850
910 1211
912 1158
915 1057
915 1056
917 953
917 2404
917 1005
917 1867
917 2019
918 1481
918 962
918 2368
919 1109
919 1960
922 2265
922 2179
923 1750
923 1418
923 2084
923 1442
924 1833
924 1445
925 1728
926 1817
926 1476
927 2348
927 1461
928 2115
929 1799
930 1876
930 1753
931 1027
931 1007
932 1409
932 2480
934 2472
934 1639
934 2404
934 1070
934 1088
934 1820
934 2147
935 1873
935 1499
935 2180
937 1659
937 2402
938 2365
939 2155
940 1088
942 2383
942 2258
942 1746
942 2465
943 2059
943 1313
943 1308
943 1887
943 1115
943 2322
944 1073
946 2389
946 1388
946 2272
947 1603
948 2317
949 2040
949 1496
949 2194
949 1782
949 2167
949 2169
949 1178
949 1745
949 1456
950 1594
950 2398
951 2139
952 1198
952 1894
953 1140
953 1420
954 976
954 1296
954 1491
956 1932
956 1950
957 2025
958 1422
959 1617
960 1539
960 2035
961 1736
961 2166
961 1635
961 1432
961 2404
962 1697
962 1143
962 2142
963 1887
963 1997
964 1528
964 1160
964 2322
965 1038
966 1878
966 1623
966 2106
967 1907
968 1863
969 1019
969 2239
969 2180
970 2374
971 2105
971 2404
972 1139
972 2133
972 1991
973 1255
975 2461
977 1751
977 2008
977 2359
978 2187
978 1399
979 1201
979 2020
979 1665
980 2463
980 1652
982 1549
982 2279
982 1073
982 2122
982 1454
983 1372
984 1823
985 1239
985 1172
986 1999
988 2419
988 1004
988 1790
989 1226
989 1046
990 1103
990 1060
991 2359
992 1900
992 2305
993 1793
993 1346
993 1343
993 2369
993 1818
993 1735
994 2168
995 1261
996 1203
996 1077
997 1213
998 1818
998 1019
998 1783
998 2218
1002 1453
1002 2108
1003 1794
1004 2404
1004 1418
1004 1879
1004 1042
1004 1809
1005 2201
1006 1518
1006 1688
1007 1842
1007 1923
1008 1295
1008 1408
1009 2274
1009 1814
1011 2054
1014 1656
1015 2481
1015 1672
1016 1984
1017 2311
1018 2484
1018 2245
1018 1180
1019 1498
1019 1703
1019 1919
1019 1652
1019 1878
1021 1485
1022 2126
1023 2375
1023 1852
1024 2023
1025 1606
1026 1029
1026 1857
1027 1628
1027 1312
1027 1138
1028 2087
1028 1267
1028 2234
1029 2335
1030 2261
1033 2099
1033 1241
1034 2077
1034 1535
1035 1377
1036 1366
1038 1273
1038 1695
1039 1068
1040 1799
1041 2416
1041 2002
1041 1566
1041 2110
1042 1453
1043 1697
1044 1169
1044 1519
1044 1322
1044 1095
1045 1282
1045 1833
1047 1088
1047 1935
1048 2302
1049 1493
1051 1593
1051 1456
1051 1491
1052 1724
1053 2026
1054 1921
1054 1868
1055 2468
1058 1620
1058 2260
1058 1854
1058 2317
1059 1402
1059 2061
1059 1380
1060 1586
1061 2030
1062 2229
1062 2466
1064 2349
1065 1621
1066 1666
1067 1659
1067 1554
1067 1948
1067 1937
1068 1701
1069 1742
1070 2199
1070 2498
1071 1741
1071 1640
1072 2453
1073 1805
1074 1194
1075 2170
1077 2435
1077 2174
1077 2180
1077 1455
1078 2268
1078 1238
1078 2324
1079 1594
1080 1594
1081 2117
1082 1366
1082 1091
1082 1199
1082 1171
1082 1327
1083 1944
1086 1712
1087 1835
1088 1281
1088 1119
1088 2318
1089 2383
1090 2457
1091 1921
1092 1138
1092 1470
1094 1564
1095 2046
1096 2084
1096 2082
1097 1216
1098 2021
1098 1253
1098 2313
1098 2017
1098 2280
1098 1862
1099 1445
1100 1626
1100 1462
1100 1725
1100 2122
1100 1886
1101 1178
1102 1687
1102 1643
1104 1134
1105 1217
1106 1877
1106 1278
1106 1315
1106 2156
1106 2278
1107 1594
1107 2063
1107 1423
1107 2491
1108 1419
1109 1283
1111 1125
1112 2054
1113 2309
1114 2409
1117 1587
1118 2437
1119 1412
1120 1683
1120 1674
1121 1960
1121 2216
1124 2380
1124 1929
1125 2340
1127 1329
1128 2397
1128 2298
1130 2033
1131 1447
1131 1385
1131 2048
1132 2373
1132 1804
1134 1219
1134 1207
1136 1532
1137 2028
1138 1180
1138 2422
1138 1560
1138 1805
1138 1531
1138 2266
1139 2364
1139 1560
1140 2306
1140 1701
1140 1173
1142 1193
1142 2105
1143 1966
1144 2301
1144 1972
1145 1910
1145 1868
1146 2416
1146 2163
1146 2151
1148 1943
1149 1575
1150 1402
1150 1425
1151 2459
1151 1537
1152 2204
1152 1977
1153 1382
1153 2250
1153 1716
1154 2260
1154 1653
1154 2195
1157 1199
1157 1652
1157 2263
1157 1586
1158 2434
1159 2240
1159 1553
1160 1749
1161 2355
1161 1798
1162 2483
1163 2199
1163 1576
1163 2175
1165 1376
1166 2456
1167 1492
1167 1798
1168 1273
1169 1258
1169 2466
1172 1476
1172 2190
1173 1373
1175 1855
1177 1813
1177 1863
1178 1780
1178 2014
1179 1728
1179 1565
1180 2219
1180 1224
1180 2174
1181 2056
1183 2427
1183 1217
1183 1870
1183 1880
1186 1207
1187 1304
1188 2040
1188 2422
1188 2362
1188 2351
1192 1463
1193 2306
1196 1689
1198 2084
1198 2393
1198 2390
1198 1588
1200 1606
1200 2069
1200 1236
1200 2223
1201 2094
1201 2012
1202 1811
1203 1447
1204 2053
1204 1915
1205 2376
1206 1431
1206 1398
1206 2173
1207 2282
1207 2460
1208 2009
1208 1870
1208 1582
1209 1853
1209 1847
1210 2095
1212 1502
1213 1491
1213 1918
1214 1312
1215 1858
1216 2018
1217 2181
1217 1566
1217 1606
1217 2479
1218 2084
1218 1497
1219 2083
1221 2079
1222 1714
1222 2396
1223 2423
1224 1908
1224 2194
1224 1646
1225 1593
1226 2193
1226 1830
1227 1625
1227 2223
1228 1342
1231 2115
1232 1829
1232 2105
1235 1710
1236 2350
1237 1288
1238 2350
1238 2173
1240 2042
1240 2228
1241 1477
1242 1509
1242 1898
1242 1523
1242 1663
1243 1261
1244 1372
1245 1970
1245 2070
1247 2283
1248 1331
1249 1975
1249 1736
1250 2201
1250 1852
1251 1631
1254 1846
1255 2403
1256 1687
1256 2442
1256 1463
1256 1600
1257 1460
1257 1335
1257 1608
1257 1709
1260 1683
1260 1998
1261 1800
1262 2185
1264 1670
1265 1483
1266 2098
1268 2098
1268 2308
1269 2212
1269 1870
1269 1763
1270 2437
1270 2084
1271 1970
1271 1698
1276 1378
1277 2169
1279 1662
1279 2125
1279 1574
1281 2126
1281 1618
1281 1768
1281 1689
1282 1418
1283 1857
1284 1504
1285 1481
1285 1728
1286 1813
1288 1549
1288 2411
1288 1400
1288 1364
1288 1461
1288 1716
1289 1559
1289 2210
1290 1453
1290 2316
1291 1344
1292 2184
1293 2077
1293 2490
1294 1552
1296 1440
1296 2500
1298 1789
1298 1978
1299 1768
1300 2402
1300 1714
1300 2412
1300 1517
1301 2039
1301 1684
1301 1748
1303 1712
1304 2384
1304 1871
1305 1602
1306 1760
1307 1618
1311 1645
1312 1587
1314 1973
1314 2394
1315 2382
1315 1524
1318 1973
1318 1825
1321 1681
1323 1704
1323 1906
1323 1718
1324 1671
1325 2406
1326 1724
1326 1533
1328 1969
1329 1360
1330 1625
1331 2364
1331 2203
1331 1418
1332 1776
1332 1702
1332 1390
1333 2457
1333 1914
1333 1478
1334 2436
1334 1805
1335 2338
1337 1970
1338 2162
1339 2284
1339 1823
1340 2439
1340 1772
1341 1394
1342 1362
1342 1984
1342 2410
1343 2065
1345 2384
1347 2300
1348 2378
1349 1756
1350 2210
1350 2422
1351 2078
1352 1544
1353 1882
1356 1884
1356 1428
1357 2402
1358 1480
1358 2169
1358 1649
1360 1549
1360 1979
1360 1483
1361 2000
1362 1991
1364 1602
1364 2336
1367 1509
1367 1951
1367 1731
1368 1761
1369 2014
1369 2166
1370 1580
1372 2182
1372 2497
1372 2007
1373 1777
1373 1857
1373 1849
1373 1666
1374 1549
1374 2268
1374 1471
1374 2241
1374 2127
1375 1813
1376 1844
1378 2435
1379 1763
1379 1400
1381 1727
1381 1697
1381 1508
1385 1708
1387 2334
1389 2364
1390 2266
1390 1875
1391 2408
1392 2011
1392 2273
1393 1860
1393 2341
1394 1988
1396 2018
1398 1881
1400 1577
1402 1539
1402 2314
1403 2024
1404 1453
1404 1829
1405 2001
1405 1812
1405 2032
1407 2345
1408 1651
1408 1975
1408 2172
1409 1809
1410 1926
1414 2415
1414 1546
1414 1563
1414 1865
1414 2025
1414 1853
1415 1767
1415 1665
1416 2178
1416 1782
1417 1514
1418 2496
1418 2485
1418 2383
1419 2187
1423 2028
1424 1896
1425 1876
1426 1867
1426 1652
1426 1847
1430 1873
1431 1594
1434 2096
1435 2090
1435 1762
1436 1753
1437 2018
1437 1888
1438 1668
1438 2306
1439 2356
1439 1895
1440 1634
1441 1480
1441 2329
1442 1568
1445 2422
1445 2301
1445 2260
1446 2104
1447 2356
1448 1805
1448 1516
1451 2054
1451 2227
1452 2401
1453 1659
1453 1867
1453 1487
1454 2210
1454 1490
1457 1834
1459 1690
1460 1975
1461 1895
1462 2401
1464 2459
1464 2172
1465 2354
1466 1746
1467 1509
1468 1887
1469 2458
1473 2201
1474 2437
1474 1745
1475 1927
1475 1645
1476 2214
1479 1629
1481 2165
1481 1772
1482 1913
1483 2400
1484 1996
1485 2076
1486 1875
1487 2405
1487 2310
1487 2336
1489 1536
1491 1707
1491 1597
1492 1658
1494 2148
1494 1624
1495 1889
1497 2084
1498 2399
1500 2388
1502 2169
1503 2295
1505 1656
1507 1941
1509 1573
1509 1827
1510 2283
1511 2342
1513 2075
1515 1811
1515 1887
1517 1562
1519 1891
1519 1570
1520 1787
1520 2076
1520 2452
1521 1865
1522 1907
1523 2150
1524 2482
1525 1788
1526 1975
1526 2300
1526 2243
1526 2153
1528 2003
1529 1551
1532 2356
1533 1691
1534 1907
1534 1680
1536 2299
1536 2368
1538 1705
1539 1742
1540 2294
1541 2462
1541 2098
1542 2275
1543 1556
1543 2323
1547 2100
1547 2284
1548 1970
1548 2373
1549 2059
1550 2154
1551 1721
1551 1586
1551 1798
1551 1818
1553 2481
1553 2058
1554 1679
1555 2319
1557 2325
1558 2219
1559 2068
1559 2347
1562 1992
1562 1980
1563 2301
1564 2362
1564 2404
1567 2156
1567 1644
1567 1863
1568 1882
1573 1828
1577 2066
1578 1907
1580 2049
1580 2292
1582 1777
1582 1729
1584 1678
1585 1928
1586 2240
1589 1961
1590 2230
1591 2437
1595 1832
1603 2080
1605 2360
1607 2472
1611 2109
1613 1995
1613 2097
1615 2438
1618 1941
1618 1787
1619 1718
1620 1794
1621 1810
1623 1715
1625 1676
1625 1974
1628 1817
1628 2274
1629 1767
1630 2001
1631 2125
1633 2434
1636 1754
1637 2236
1640 2433
1640 2401
1640 2174
1641 2111
1641 2170
1645 2185
1646 2244
1647 2143
1648 2250
1650 2492
1651 1852
1652 1774
1654 1963
1655 2265
1655 1722
1655 1759
1657 2480
1658 1743
1659 2288
1659 2299
1660 2346
1660 2058
1660 1825
1660 1834
1661 2199
1665 1694
1666 2180
1666 2284
1667 2238
1669 2114
1670 1726
1670 1785
1670 2128
1670 2476
1673 1713
1673 2450
1673 2224
1677 1750
1683 1796
1685 2103
1686 2363
1689 1915
1689 2125
1690 1768
1692 1982
1692 1907
1692 2263
1694 1962
1695 2191
1697 1792
1697 1962
1697 2360
1699 2426
1699 2380
1700 2207
1700 1879
1701 2193
1702 1940
1702 1856
1705 2335
1706 2243
1709 1975
1709 2306
1711 1919
1711 1804
1711 1974
1716 2141
1717 1994
1718 2180
1722 2401
1722 1960
1723 1984
1724 2105
1724 1900
1726 2121
1726 1963
1727 2475
1727 2357
1731 1889
1732 2477
1734 2052
1736 1878
1736 1834
1738 2194
1741 2300
1741 1782
1743 1845
1743 2286
1744 1973
1746 1911
1746 2484
1747 2380
1751 2381
1751 2304
1751 1776
1751 2330
1752 2087
1753 2042
1753 2401
1754 2294
1755 2077
1757 2400
1759 1878
1759 1833
1767 1952
1768 2067
1769 1795
1769 2062
1775 2481
1777 2091
1779 2091
1779 2418
1780 1809
1781 2391
1781 2175
1782 2492
1783 1939
1786 2318
1791 1833
1793 2080
1793 2453
1793 2075
1796 2448
1796 2319
1797 2097
1798 2462
1798 2430
1798 1886
1799 2004
1800 2038
1802 2284
1803 2116
1804 2404
1805 2240
1805 2118
1805 2058
1805 2221
1806 2429
1806 2132
1807 1847
1809 2457
1809 1908
1813 2226
1817 2242
1817 1933
1818 2188
1818 2445
1822 1970
1822 2232
1823 2215
1826 2104
1829 2103
1841 2073
1842 1993
1846 2445
1846 2008
1847 2230
1848 2405
1848 2031
1850 2451
1851 2152
1854 2443
1857 1980
1858 2008
1861 2468
1862 2239
1867 2271
1867 2093
1868 1883
1873 1957
1873 2178
1874 2308
1878 1982
1879 2397
1882 2371
1884 1981
1885 2321
1887 2404
1893 2180
1895 2197
1895 2006
1900 2176
1901 2453
1903 2214
1905 2416
1907 2428
1909 2245
1910 2381
1910 2439
1915 2128
1917 2476
1919 2473
1919 2404
1920 2011
1922 2420
1924 2016
1924 2306
1924 2452
1926 2433
1927 2270
1934 2136
1935 2375
1938 2084
1939 2320
1941 2160
1942 1968
1942 2141
1943 2384
1944 2429
1944 2326
1945 2404
1951 2060
1958 1968
1962 2427
1962 2012
1967 2454
1970 2407
1971 2392
1973 2115
1975 2285
1976 2136
1980 2332
1980 2305
1981 2304
1985 2265
1988 2478
1990 2485
1990 2041
1991 2339
1994 2436
1995 2018
1995 2496
1999 2341
2001 2437
2001 2309
2005 2132
2006 2279
2010 2133
2012 2148
2012 2159
2013 2347
2013 2102
2015 2139
2018 2327
2019 2061
2020 2306
2020 2477
2023 2215
2023 2351
2023 2155
2025 2159
2026 2133
2029 2271
2036 2398
2039 2455
2040 2182
2040 2457
2040 2230
2040 2296
2042 2187
2042 2237
2046 2461
2046 2345
2049 2301
2051 2271
2053 2190
2058 2061
2061 2158
2064 2473
2065 2495
2069 2261
2072 2307
2072 2177
2072 2347
2073 2185
2074 2105
2075 2369
2080 2129
2085 2479
2088 2264
2089 2388
2092 2410
2097 2149
2097 2495
2097 2458
2098 2217
2098 2281
2099 2423
2099 2137
2100 2275
2102 2229
2102 2364
2107 2343
2107 2116
2117 2195
2119 2367
2120 2295
2136 2453
2139 2215
2144 2187
2145 2383
2146 2368
2148 2282
2154 2317
2162 2461
2162 2431
2168 2274
2168 2320
2171 2259
2174 2315
2175 2456
2178 2185
2179 2269
2187 2225
2188 2199
2190 2374
2195 2421
2206 2233
2207 2339
2210 2485
2211 2264
2212 2337
2213 2302
2215 2248
2219 2284
2223 2498
2226 2444
2226 2427
2229 2459
2232 2265
2235 2478
2236 2284
2242 2333
2247 2373
2249 2441
2250 2449
2251 2279
2255 2416
2256 2328
2257 2307
2259 2487
2260 2425
2261 2336
2261 2344
2267 2288
2275 2386
2275 2351
2276 2499
2279 2405
2279 2309
2290 2335
2291 2402
2314 2318
2327 2489
2344 2445
2369 2415
2373 2468
2391 2428
2408 2458
2410 2421
2411 2434
2415 2437
2423 2467
2432 2486
2433 2444
2443 2481
2451 2469
