3000 4298
1 94
1 1817
1 1841
1 383
1 52
1 2881
2 1519
3 486
4 382
4 438
4 902
4 2016
4 2121
4 1562
5 724
5 1105
5 1154
5 1326
6 1475
7 341
7 2728
8 1956
8 1762
8 2615
8 758
9 2458
10 724
10 2390
10 2264
11 2021
12 341
13 788
14 2736
15 634
16 2687
16 922
16 2614
16 2508
17 1886
18 633
18 1837
19 1952
19 2899
19 2380
19 1383
19 2885
19 2100
20 1770
21 2832
21 2496
21 2763
21 689
21 451
21 2173
21 369
22 2815
23 376
23 521
23 2246
24 96
25 2914
26 442
26 1726
26 453
26 219
26 2217
26 2150
26 1036
27 2872
27 82
27 2015
28 2801
28 59
28 2036
29 387
30 1800
30 130
30 2137
30 2941
31 2000
31 981
31 1575
32 551
32 1133
33 870
33 2240
34 1725
35 2819
35 319
35 2332
35 1571
35 1852
36 1504
36 1775
36 954
36 2945
36 799
37 2303
38 2673
38 833
38 2085
39 802
39 2300
39 277
39 1493
40 1124
40 1173
40 510
40 2025
41 1621
41 1729
41 1701
42 2732
43 1171
43 2821
43 1612
43 520
43 192
43 1086
43 639
43 1229
44 754
44 1041
45 743
45 2671
45 2673
45 2732
45 1572
46 1974
46 2766
46 2090
47 2261
47 1052
47 2918
47 2186
48 2503
48 437
48 1327
49 427
49 1191
49 703
50 263
50 745
50 1348
50 363
50 1903
50 407
51 2066
52 322
52 350
53 1374
53 2769
53 1444
54 2254
54 2961
54 2919
54 1536
54 598
55 724
55 61
55 907
55 1172
56 928
57 2468
58 2553
59 2513
59 1306
59 2228
60 1112
61 366
61 1657
62 2637
62 1165
62 575
62 2801
62 911
62 618
63 210
63 971
63 2541
63 1684
63 2459
63 513
63 449
63 2212
64 2762
64 943
65 2239
65 854
66 1447
66 2229
66 96
67 1595
67 2876
68 1767
68 286
68 1098
68 2917
68 1301
69 2441
69 1202
70 2716
70 1400
71 800
72 376
72 1270
72 1169
72 283
72 2463
72 2548
72 275
73 864
73 2655
73 1136
74 1346
74 1139
75 1786
75 272
75 1897
75 1924
76 1391
77 1007
78 427
78 233
78 255
78 2725
78 1056
78 1836
79 1671
79 2227
80 597
81 2651
82 1036
83 2297
83 742
83 2898
83 2571
83 191
83 410
84 798
84 260
84 861
85 341
85 2761
85 2483
85 2160
85 176
86 296
86 926
87 1434
88 2044
89 2630
89 1771
89 2387
89 1588
90 2277
91 1724
92 1117
92 2446
92 2731
93 2993
94 765
94 1187
94 620
94 1134
94 1905
95 1484
95 2478
95 1475
95 707
95 1124
95 642
97 733
97 2199
97 301
97 2638
97 283
98 1877
99 154
100 1883
101 2193
101 763
101 1364
102 2648
102 2525
102 1718
102 2077
103 2205
104 2526
104 949
105 508
106 2482
107 2513
107 526
108 2019
108 2255
108 364
108 2893
109 1129
109 865
109 1750
109 549
109 607
109 1967
110 153
110 1195
111 1930
111 2568
112 1456
113 1574
113 1188
114 277
115 1999
115 880
116 2469
116 567
117 1436
117 1664
117 1588
117 758
117 573
117 948
117 1302
117 1155
118 2754
118 2652
119 712
119 2831
119 2487
119 2706
119 1479
119 2195
119 889
120 2184
120 3000
121 549
121 1823
121 2723
121 1982
121 2416
121 1085
122 1338
122 1654
123 1198
124 1232
125 575
126 1174
126 1400
126 2002
127 516
128 2550
128 2049
128 2905
128 1907
128 2653
128 2287
128 2839
128 2796
129 470
130 843
130 2243
130 1736
131 156
132 2341
132 2424
133 707
133 2101
134 805
135 2952
135 1030
136 1588
136 1397
136 1563
136 1919
137 2833
137 552
137 2181
138 948
138 221
139 341
139 1475
139 2256
140 763
140 2423
140 2937
141 450
141 1173
142 1098
142 2328
142 2082
142 1970
142 1780
143 790
144 1606
144 1475
144 820
144 2313
144 2396
144 154
144 699
144 1077
144 490
145 1135
145 2511
145 1959
146 1767
146 1759
146 1725
146 2479
146 563
147 876
147 1701
147 2505
148 1942
148 1575
148 259
148 688
148 215
149 1727
149 1251
150 2135
150 2681
151 302
152 769
152 2721
152 912
152 2328
153 2733
153 1435
154 1404
155 828
156 390
156 1928
156 2383
157 1861
157 204
157 2495
157 852
158 1443
159 1759
159 2224
159 276
160 381
160 1149
160 496
161 2829
161 1543
161 1600
161 2784
161 163
161 1454
161 418
161 2187
162 868
162 999
162 1240
163 467
163 185
163 259
164 1112
165 1717
166 2341
167 540
167 2445
167 805
168 2167
169 255
169 633
169 1580
170 583
171 2382
171 2498
171 2909
172 2603
173 450
173 2735
173 697
174 755
174 2305
175 355
175 2547
176 1476
176 696
176 585
177 1113
178 526
178 2782
178 1690
179 2640
179 2955
179 2768
179 1227
179 2711
180 263
180 1199
181 748
181 2842
181 1779
182 2774
182 935
183 455
183 2042
183 250
184 1590
184 483
184 2721
184 1053
184 2305
184 834
185 2616
185 879
185 807
185 2409
186 1374
186 1673
187 474
188 1863
188 2050
189 801
189 475
190 484
190 1848
193 2690
193 1407
194 2039
195 1703
196 2458
197 1234
198 920
198 2987
199 1440
199 1655
200 1956
200 2847
201 2738
201 2741
201 1558
202 512
203 1770
205 889
206 2394
206 414
206 1708
206 2291
206 2532
207 215
207 2302
207 2243
207 673
207 788
208 2341
208 2643
208 2198
208 730
208 751
208 1030
209 1393
210 1829
210 1499
210 407
211 2229
212 2202
212 2032
213 2836
213 2767
213 1399
213 1340
214 2351
214 1101
215 402
216 2309
217 1898
217 277
217 1475
217 2251
218 645
218 1510
218 2275
220 2853
221 1556
221 1615
221 2936
221 2726
221 2110
221 1497
222 2961
222 1534
222 1522
222 2982
222 935
222 1430
222 1345
223 1784
224 449
225 1947
225 1477
225 1114
226 800
227 2018
227 1230
227 1375
227 2717
227 757
228 940
229 2815
229 1212
229 986
229 1775
230 2140
231 2953
231 715
231 1810
231 871
231 2641
232 708
232 1151
232 2775
232 2821
232 349
233 1732
233 320
234 2421
235 299
235 930
235 2706
235 2698
236 279
236 934
236 1027
237 757
237 2104
238 2523
238 1240
238 2293
238 1645
238 1314
239 1916
239 478
240 578
240 2204
241 1660
241 593
241 1652
242 1826
242 2854
242 2657
243 1279
243 865
243 1268
243 1762
243 907
243 1857
244 2804
244 820
244 1937
244 1149
245 2952
246 646
246 1252
247 2442
247 2451
247 1299
248 1660
249 2980
249 981
250 1629
250 854
251 1278
251 729
252 1847
252 2538
252 852
253 264
254 1629
255 1665
255 2526
255 1418
255 2564
256 1660
257 1329
257 1039
258 1090
258 2714
258 1592
258 1858
258 820
258 945
259 1550
259 280
259 1629
259 2554
259 1985
260 767
261 1574
261 738
262 1320
262 1285
263 2039
263 2166
263 1668
263 1899
263 325
263 2872
263 1810
264 2808
265 869
265 1514
265 1584
266 1671
267 742
267 2065
267 353
268 1524
269 1222
269 1535
269 356
269 2944
269 1898
269 1407
270 2422
270 1438
270 967
271 953
272 2576
272 2341
273 1135
273 2853
273 1548
274 434
274 2092
274 317
276 1480
276 2066
276 2280
276 1462
278 1652
278 2559
279 282
279 2184
279 1054
279 1132
279 2472
279 1002
279 2029
280 779
281 2514
282 977
282 1717
282 1356
282 2178
283 1512
283 2388
283 2179
284 2314
285 1042
287 2454
288 2643
288 1180
288 2913
289 2719
290 353
291 1512
292 2885
292 2857
292 1077
293 1615
293 1862
293 2999
293 420
294 784
294 2254
294 2159
294 2622
294 894
295 2238
296 2306
297 511
297 987
297 1912
297 1114
298 2332
298 2862
298 2758
299 832
299 1835
299 2525
300 1171
300 1474
300 651
300 2347
301 961
301 1163
301 1392
301 1917
302 2707
302 403
303 1176
304 1324
305 1498
305 2659
306 1338
306 1955
306 2848
307 2429
308 2452
308 2706
308 2668
308 1613
308 2877
309 2120
309 2351
310 1297
310 2302
310 1510
311 2152
311 1412
311 601
311 1917
311 747
311 1348
312 1638
312 2861
312 2465
313 2102
314 2930
314 2954
314 2449
315 755
315 2736
316 2036
316 1381
316 1586
317 2913
317 2044
318 1529
318 1417
318 2824
318 2546
319 1485
319 2957
321 1715
321 2979
322 1958
322 2033
322 2138
322 2017
322 2947
323 707
323 2667
324 489
325 2997
326 1468
327 483
328 528
328 1829
328 1146
328 1622
328 1670
329 1085
329 848
329 2521
329 2205
330 2665
330 1129
330 2452
331 2397
331 1028
331 2724
331 2465
331 2331
332 2273
333 503
333 2737
333 1890
333 2913
333 1245
333 2761
333 1879
333 1914
333 1910
333 1681
334 658
334 2059
334 444
334 1876
335 1057
335 471
335 2869
335 2623
336 1841
337 2808
337 878
338 2825
339 1106
339 2047
340 1219
340 2467
340 2491
340 1687
340 1785
340 2566
341 2640
341 2815
341 646
341 1970
341 812
342 1055
342 2804
342 1469
342 754
342 1318
342 665
343 2896
344 2578
344 1403
344 776
344 1113
344 2564
344 2448
345 1997
346 1230
346 2500
346 423
346 1209
347 2854
348 405
349 1765
349 921
350 2975
350 1293
351 525
352 2971
353 443
353 1721
353 931
353 1115
353 1246
353 517
353 2268
354 2159
355 2400
355 2292
356 2838
356 2391
356 1147
356 2363
357 420
357 1713
357 2100
357 501
358 2362
359 2262
360 2686
360 2475
360 1762
361 2414
362 2184
362 2626
362 2406
363 561
363 873
363 829
364 1522
364 2789
364 1781
364 2862
364 1427
365 2756
367 552
367 533
367 373
367 2807
368 832
368 2387
368 1448
369 1958
369 466
369 2070
369 693
370 1616
370 1722
370 719
370 1736
371 1040
372 1794
372 1601
373 2234
373 1119
373 1572
374 620
374 627
375 925
375 550
376 1767
376 1756
376 616
376 2959
377 2891
377 1966
377 2530
377 1585
378 1805
378 2110
379 1054
380 1350
381 2358
381 2623
381 634
382 1930
382 2775
383 1805
383 2515
383 2933
383 1719
384 1804
384 1193
384 2128
384 1137
385 2296
386 2751
386 810
387 555
387 955
387 935
388 809
388 2106
389 1902
389 1523
390 784
390 1649
390 790
390 1591
390 2306
391 799
391 1683
391 1039
392 467
392 747
392 2737
392 2253
393 2512
393 1295
394 484
394 2809
394 2936
395 511
396 2990
396 1282
396 2773
397 1827
397 930
397 2194
397 1381
397 1729
397 1997
397 1929
398 563
398 476
399 2829
400 2842
401 1595
401 2962
401 458
401 2435
401 1740
401 1766
401 415
402 2000
402 1671
402 2881
402 865
402 2294
402 1469
403 926
404 892
405 1545
405 1840
406 1440
406 1266
407 2211
408 1860
408 689
409 928
410 654
410 1689
410 1261
410 2764
411 2540
411 2064
412 1372
413 2324
413 494
413 1839
414 1784
414 2754
414 1876
415 2456
415 2875
415 890
416 1181
416 2054
417 2500
417 1976
417 2129
418 1545
418 2228
418 1826
418 2286
418 548
418 2583
419 1424
419 2189
419 2136
419 1404
420 431
420 2654
420 2132
420 1275
420 2741
421 1933
421 2008
422 2528
422 2417
422 1865
423 492
424 1439
424 1538
424 2272
425 1965
426 2142
426 897
427 1726
427 1930
427 2330
427 1416
428 2458
429 2989
430 2170
430 2073
430 2943
430 2804
431 2683
431 1464
431 1143
432 1519
432 1312
433 2301
434 1007
435 1485
435 935
435 2577
436 2881
438 724
438 2022
438 1686
438 2302
438 467
439 2550
440 1984
441 2929
441 912
442 2934
442 1526
442 1484
442 2777
442 578
442 768
442 2589
442 1245
442 2533
442 1113
442 935
442 2892
443 2185
443 1679
443 2005
444 2927
444 2746
444 2997
445 707
446 450
446 1940
447 2162
448 2162
449 760
449 1643
449 1307
450 2693
451 1772
451 1766
451 2134
451 2805
451 988
451 2635
451 1011
452 1397
453 2365
454 2013
454 765
454 2094
454 2743
454 1186
454 1080
454 2906
455 525
455 947
455 1585
455 843
455 544
455 1574
455 1987
456 1672
456 590
457 1028
457 2201
458 1362
458 2969
458 1573
459 593
459 1503
459 1690
460 1360
461 2660
461 2887
462 1485
462 1565
462 1622
462 872
463 2643
463 2534
463 2342
463 1495
463 1959
463 1070
463 1358
463 2468
464 2203
465 2306
466 1775
468 2867
469 2064
469 2425
470 1558
470 2924
470 2234
470 2604
471 2934
471 1479
472 2156
473 2296
473 556
473 2901
474 1847
474 534
476 2864
476 1761
476 1118
476 2335
477 1427
477 1269
477 1750
477 2993
477 1215
478 1443
478 1222
479 2875
479 1521
479 2112
480 1726
480 716
480 1040
481 1088
481 1960
482 1209
483 2646
483 1389
484 2801
484 1093
484 2755
485 1212
485 1710
486 658
486 2168
487 2008
487 2709
487 1676
487 2038
487 548
487 2826
488 1953
489 2757
489 2204
490 743
490 2825
490 1539
490 495
491 2715
492 2776
492 850
493 2801
494 2019
494 2056
494 884
494 866
494 1213
494 2323
497 2986
498 1391
499 1949
500 2301
500 2149
500 1573
502 2754
503 2671
504 1307
504 2287
504 1099
505 1217
505 612
505 2847
505 944
505 1580
506 2079
507 1189
507 2503
507 1404
507 1234
508 2815
508 2716
508 2627
509 1512
509 1814
509 2932
509 718
510 966
510 2753
511 2748
511 1174
511 1628
511 2008
512 1529
512 2499
512 2332
514 2520
515 1605
515 2484
515 1638
515 711
516 839
516 1404
516 2360
516 639
517 2571
518 909
518 1795
519 1890
520 906
520 943
520 2113
520 1911
521 2177
521 1064
522 2013
522 1350
523 1419
523 1069
524 1484
524 640
525 1090
525 1595
525 1734
526 1162
527 1881
527 1096
528 1475
528 2099
528 2889
528 2120
528 1242
528 1772
528 1153
528 2949
528 2970
529 1088
529 1201
530 2170
530 2615
530 964
531 2478
531 2257
531 1233
531 829
531 886
531 1915
531 1142
531 821
532 1996
534 1326
535 940
535 1766
535 2442
535 1393
535 2376
535 1387
535 980
536 2601
536 1260
536 2104
536 675
537 1957
537 2761
537 2865
538 2595
539 1119
540 903
540 2911
540 659
540 2739
540 1676
541 2321
542 1991
543 2579
543 901
543 2168
544 2971
544 2780
544 1432
544 1886
544 938
545 1537
546 934
546 1776
546 1247
547 2272
548 2394
548 1405
548 623
548 1765
548 806
549 2742
549 826
549 937
550 575
551 971
551 1541
552 2076
552 1501
552 2781
553 2023
554 947
554 1820
554 2963
555 2578
555 2617
555 1936
556 1908
556 2186
556 2617
556 876
557 916
557 2841
558 2596
558 1481
559 2279
560 1705
560 960
560 2563
560 1429
560 1041
560 1673
561 927
561 1544
561 2903
561 1349
562 2550
562 1383
563 935
564 762
564 2143
564 874
564 1524
565 2358
566 2863
567 1750
567 1714
567 1505
567 1249
567 2728
568 1318
568 1190
568 1536
569 638
570 683
570 1706
571 974
572 2808
572 1205
572 1988
572 2516
574 1248
574 1004
575 2642
575 2350
575 817
575 1392
575 1697
575 808
576 665
576 2006
576 796
577 1119
578 1427
578 2759
578 2637
578 2442
578 2915
578 1845
579 1616
579 1043
579 709
580 2366
581 1930
581 1504
581 1850
581 966
581 2602
581 2486
581 2324
582 2725
582 2616
582 1876
583 2911
583 670
584 1054
585 2980
585 1006
586 1958
586 2366
586 2248
586 2483
586 2161
587 2625
587 1518
587 1395
587 2901
588 2135
588 1602
589 2099
589 962
589 1791
591 1268
591 2867
592 2483
593 1260
594 1248
594 747
594 1313
595 2815
596 1171
596 2890
596 1806
597 1029
598 717
599 1216
600 2424
600 1528
600 1275
601 1063
602 2976
603 2687
603 1990
603 1893
604 867
604 1465
605 654
606 2587
606 1286
607 649
608 2774
609 2414
610 832
610 1368
610 1704
610 2880
610 2535
611 2384
611 1243
612 1943
613 1184
614 981
614 673
615 2474
615 1426
615 752
615 2236
616 1802
616 2805
616 2708
617 2561
618 1219
619 2392
620 965
620 1982
621 2792
621 2360
621 637
622 663
623 2875
624 1835
625 2291
626 2677
626 771
627 1322
627 1317
628 1494
629 2184
630 1294
630 1931
631 1691
631 766
631 2669
632 2830
632 2245
632 2654
634 1940
634 2318
634 2205
635 1827
635 1663
635 1836
636 2366
637 1294
638 2646
638 2202
639 1281
639 2021
639 1084
641 1371
641 1505
642 1545
642 1316
642 2225
642 2799
643 986
644 1903
644 1018
644 2126
645 1938
646 1723
646 2913
646 926
647 824
647 783
648 668
648 2619
649 712
649 1620
650 2118
651 2962
651 1724
652 2898
653 2422
653 1985
653 703
654 1885
654 1697
654 790
654 724
654 1935
655 2499
655 1053
656 1422
657 1877
657 2877
657 1553
658 1328
659 2588
660 2407
661 1026
661 2621
662 2087
662 975
662 1077
663 1298
664 1475
664 943
666 713
666 1324
666 1260
666 2894
666 2995
667 933
667 2415
667 2715
667 2472
667 1185
668 1634
668 2989
668 1196
668 1090
669 2351
669 1656
669 1914
669 1008
670 1224
671 2683
672 2079
673 1543
673 2487
674 2728
675 2765
676 1475
677 2828
678 883
678 1475
678 2032
679 1978
680 2764
681 2013
682 2164
682 2373
683 1526
683 2168
684 2868
685 2277
686 1664
686 1310
686 1729
687 2166
688 2517
689 1549
689 2418
689 2322
689 2453
689 1349
689 1086
689 1602
689 2907
690 2687
690 1808
690 1885
690 1353
691 2330
692 2096
692 792
692 723
693 1347
693 1904
694 1085
695 1413
697 703
698 2838
699 2337
699 803
700 823
700 1334
701 1419
701 990
701 1152
701 2887
702 1728
703 2693
703 2025
703 860
703 1805
703 1669
704 707
704 1519
705 2935
706 1040
706 2562
706 1328
707 1483
707 1173
708 1412
708 811
708 2048
709 1533
709 1997
710 2166
710 1687
710 2317
712 2671
712 2458
712 1562
712 882
712 1039
712 2353
713 2735
713 1742
714 2792
714 1567
714 1788
715 762
715 862
716 1841
716 1770
716 970
716 1319
717 1904
718 909
718 1692
718 2894
718 2495
720 1843
720 2302
721 2384
721 1277
721 1935
722 1756
722 1957
722 1021
722 2471
722 1689
723 2887
724 2693
724 2695
724 2671
725 1880
726 1928
726 2008
726 1887
726 2200
726 2032
726 1025
727 2768
727 2906
727 913
728 2792
730 739
730 1130
730 2812
730 1404
731 1559
732 2448
733 1348
733 2752
733 2264
733 809
733 1961
734 1653
734 1453
734 2405
734 1509
735 1040
735 1934
736 1405
737 1174
738 1175
738 2380
739 2040
740 2802
741 2327
741 1482
741 2765
742 1378
743 2819
743 2039
743 1952
743 1346
743 2000
743 840
743 2170
744 2142
744 855
745 1323
745 1982
746 1429
747 1235
747 2302
747 1766
747 2240
747 1112
747 1481
747 2743
748 2142
748 2117
748 2672
748 988
748 2822
748 1296
749 2164
749 797
749 1774
750 2848
753 1955
753 2524
754 1971
754 2267
754 1123
754 2851
754 2196
755 2757
756 1870
757 874
757 1700
757 2953
758 1369
758 2635
759 2973
759 1815
759 1750
760 1494
760 1032
760 1687
761 1028
761 1107
761 1238
762 2436
762 780
762 980
763 947
763 1746
763 2037
763 1862
763 2622
764 1782
764 1834
764 2082
765 2983
765 1189
765 1709
765 1333
765 1801
765 2997
768 1095
768 2103
768 1268
768 2525
769 2836
770 1473
770 2893
771 2162
771 2409
771 1012
772 784
772 2079
772 2551
772 1588
773 871
774 2596
774 1106
774 2492
774 1044
775 2157
775 2923
775 2096
776 2261
776 2172
776 2916
776 2850
777 2553
777 2818
777 2529
777 2712
778 2496
781 1030
781 1475
781 1159
782 1599
783 2269
784 2394
784 2013
784 909
784 1360
784 1789
784 2194
785 1758
786 2717
786 2405
787 1450
787 1861
788 1545
789 1972
790 2008
791 2247
791 793
791 2052
792 915
792 1039
792 1369
793 1520
794 2981
794 1095
795 1393
795 2081
795 2019
795 2176
795 1981
795 1653
795 2459
796 2383
796 2982
797 1929
797 1213
798 2609
798 995
798 2474
798 1157
798 1916
798 2598
799 2757
800 1996
800 1918
801 1925
801 1184
801 2228
802 2142
802 1581
804 1734
805 1879
805 2382
806 2348
807 2171
808 2057
808 2074
809 2644
809 1999
810 2141
810 1535
810 1592
811 1264
811 1497
813 2036
813 1491
813 2219
813 2386
813 2204
813 2299
814 973
815 2514
815 2071
816 2313
816 2286
818 2665
819 1079
820 1280
820 934
822 2594
822 1666
822 2716
823 2596
823 1958
824 868
824 1879
824 2046
824 2098
824 1222
824 1370
825 1516
826 2433
826 1680
827 1338
827 2877
828 2383
828 2251
829 2139
829 2601
830 1913
830 2501
830 2773
830 2858
831 1717
832 2640
832 2597
832 2865
832 1192
832 842
833 1294
833 2685
834 2323
834 1090
834 1352
835 971
835 947
836 2042
836 1658
836 1227
837 2863
838 1932
839 2310
839 2207
839 2171
841 2693
841 1956
841 2988
841 2434
842 2598
842 2610
843 967
844 1498
845 2630
846 2768
847 853
849 1061
851 2898
852 1542
852 1241
853 2453
853 2428
853 1524
853 2044
853 925
853 1335
853 1268
853 1850
853 1744
854 1416
854 2204
855 2720
855 1636
856 1827
856 2015
857 2362
857 2461
858 2773
858 2188
859 1309
860 2350
860 2004
860 2228
860 2258
860 2038
860 2422
860 2778
862 2008
862 1182
863 1534
863 1841
864 1728
865 2699
865 2302
865 2804
865 1475
865 2228
865 2721
865 2204
866 2382
866 1226
866 1559
866 951
867 868
867 1621
867 2595
867 2578
867 1074
867 1791
867 1850
868 2341
868 2658
868 2514
868 1268
868 2982
868 1622
868 1399
868 1138
869 2660
869 1161
870 2339
872 1987
874 1081
874 1678
874 2921
875 2291
876 2899
877 2640
877 1568
878 2216
878 1392
879 2910
881 1465
881 1641
883 1756
883 2363
883 2353
884 2867
884 1475
884 1700
884 2059
884 1942
885 2729
885 1658
887 2425
887 1864
887 1306
888 2418
888 1647
888 2721
888 1404
888 1587
888 1895
888 2189
889 1338
889 2473
890 1870
891 1456
892 1638
892 2804
892 2781
892 1880
893 2970
893 957
895 2974
895 2979
895 1041
895 2375
896 1194
896 2188
896 1641
897 1408
898 2185
898 1931
899 1007
899 1061
900 1947
902 2692
903 1930
903 2170
904 1358
904 1115
904 2331
905 2819
907 2310
907 2173
908 2434
909 2185
909 1623
909 2748
909 2497
909 2531
909 1792
909 2689
910 2830
910 2359
910 1817
911 1794
911 2719
912 1700
913 2322
914 2548
914 947
915 1333
916 2569
916 1729
917 2468
918 2514
919 2601
920 2553
920 2640
920 1767
920 1090
920 1385
922 2944
922 1838
923 2697
924 2390
925 1116
926 2566
926 2084
927 2730
927 2361
928 2859
929 1000
930 2885
930 1222
930 1674
931 1646
931 968
931 2415
932 1673
932 1693
932 1050
932 1630
932 1961
933 2283
933 1711
934 2777
934 2949
934 2436
935 1232
936 2013
937 1805
937 2909
938 2383
938 1819
938 2765
939 2797
939 2948
940 2785
940 2148
940 1261
940 1178
941 1865
942 1767
942 2061
942 2803
943 2482
944 2022
944 1043
945 2950
946 977
946 2392
947 1757
947 2805
947 1536
947 1310
948 1223
948 2555
949 2904
950 1410
951 1529
952 2329
952 2694
952 2495
953 2952
954 2965
954 1662
955 1008
956 1827
957 2774
957 1286
958 1475
958 1219
958 2570
958 2302
958 2216
958 2689
958 1004
959 1890
959 2305
959 1259
961 1276
961 2721
961 1234
961 1134
963 1050
963 1493
963 2618
964 2110
965 1931
965 1513
965 2190
966 1410
966 1641
966 1026
966 2057
967 2517
969 1545
969 1382
970 1065
970 1328
971 1125
971 1882
971 2260
971 1392
971 1853
972 1969
973 2738
973 2905
974 1165
974 1276
976 2803
977 1484
977 2808
977 2382
977 2706
978 1944
978 2486
979 1095
979 2079
981 2886
981 1582
982 1562
983 1244
983 1391
984 1978
984 2065
985 2245
985 2376
985 2282
985 2392
986 1558
986 2406
988 1705
988 2942
988 1682
988 2085
988 2556
989 2435
990 2153
991 1475
991 1204
991 1548
992 1929
992 1291
992 2108
992 1164
993 1392
994 1056
995 2687
995 2930
995 1315
996 1146
996 2038
997 2747
997 1787
997 2798
998 2019
998 2306
999 1045
1000 1608
1001 2735
1001 2664
1002 2375
1003 1880
1003 2010
1003 1612
1004 1985
1004 2168
1005 1108
1005 2169
1007 1970
1008 2442
1009 2859
1009 1666
1010 2697
1011 1594
1011 2561
1012 1682
1012 1602
1012 1260
1013 1585
1013 2834
1014 2770
1015 2517
1016 1723
1017 2725
1018 2338
1018 2122
1018 2216
1018 1476
1019 1924
1020 2216
1022 1466
1023 1053
1023 2096
1024 1851
1024 1926
1024 2543
1025 1767
1025 1804
1025 2024
1026 2306
1027 1465
1027 2241
1027 2333
1028 1196
1028 2650
1029 2191
1029 1975
1029 2317
1029 2922
1030 1652
1031 1768
1033 2813
1034 2318
1035 1411
1035 1766
1035 1573
1035 1912
1035 2575
1035 2231
1036 1245
1036 1395
1037 1565
1038 1515
1038 1240
1039 2595
1039 2641
1039 1158
1039 2208
1039 2652
1039 2367
1039 1083
1039 2807
1040 2323
1041 1836
1041 2212
1042 2249
1044 1377
1046 2435
1047 2917
1048 2941
1048 1809
1049 1677
1049 1087
1051 1175
1051 1615
1051 2415
1053 1540
1053 1203
1053 1140
1053 2130
1054 2699
1054 2785
1054 1197
1054 1240
1054 1344
1054 1658
1054 1488
1054 2084
1055 2609
1055 2553
1055 2341
1055 1292
1055 1614
1055 2705
1055 1949
1055 1581
1056 2404
1057 2107
1058 1905
1058 1785
1059 1359
1059 1674
1059 2539
1060 2122
1060 2742
1061 2321
1061 1776
1061 1792
1062 2389
1062 2403
1063 2380
1063 2645
1063 2996
1063 1442
1063 2415
1064 1651
1065 2032
1066 2476
1066 1633
1066 1687
1066 1377
1067 2962
1068 1204
1069 1678
1069 1962
1070 2175
1070 2657
1071 2035
1071 1788
1071 2667
1072 1424
1072 1931
1073 2628
1075 2235
1075 2505
1075 1536
1075 1243
1075 2841
1076 2862
1078 1122
1078 1994
1078 1615
1079 1717
1082 2208
1082 1096
1082 2992
1083 1410
1083 1256
1085 1611
1085 1699
1086 1679
1088 2905
1088 2047
1088 2810
1089 2836
1090 1733
1090 2389
1090 2339
1090 2279
1090 1376
1090 1279
1090 1838
1090 2481
1091 2407
1092 1804
1092 1977
1093 1502
1094 1820
1095 2168
1096 2483
1096 1622
1096 2735
1096 2071
1097 2745
1097 2464
1098 2307
1099 1786
1100 2226
1100 1167
1100 2041
1101 1872
1102 2648
1103 1227
1104 2802
1104 2879
1105 2437
1107 2808
1107 2619
1108 1860
1108 1678
1109 1256
1109 2182
1109 2313
1110 1289
1110 1934
1111 1507
1111 2594
1111 2975
1112 2341
1112 2325
1112 1471
1113 2358
1113 2665
1114 2016
1114 2398
1115 2696
1115 1536
1115 1280
1115 1152
1115 2756
1117 2654
1118 2456
1118 1836
1118 2739
1118 1845
1118 1341
1119 2170
1119 2783
1120 2310
1120 2816
1120 2418
1121 1984
1121 1950
1122 1996
1126 1808
1126 1284
1127 1409
1127 1694
1127 1789
1128 1161
1128 2251
1129 2221
1130 2250
1130 2804
1130 1850
1130 1662
1130 2423
1131 1348
1135 1712
1136 2836
1136 1349
1137 2944
1138 2114
1140 2310
1141 2603
1141 1586
1141 1401
1143 1997
1143 2462
1144 1609
1145 1242
1146 2297
1146 1154
1148 2886
1148 1351
1149 2689
1150 1737
1152 1221
1152 1225
1153 1724
1153 1357
1153 1304
1153 1857
1153 2924
1154 2427
1154 2617
1154 2127
1154 2431
1156 2625
1156 1788
1156 2638
1157 1860
1157 2118
1157 1959
1158 1567
1158 1438
1158 1636
1159 2093
1159 2277
1159 2332
1159 1324
1159 2534
1159 1346
1160 1179
1160 2958
1161 1774
1162 2954
1163 2729
1163 2078
1165 2844
1166 2094
1167 1857
1168 2129
1169 2086
1169 2321
1170 2243
1170 2741
1171 1725
1171 1533
1172 1862
1173 2505
1174 2671
1174 2628
1175 2759
1175 2660
1175 2057
1176 1407
1176 2237
1177 1921
1177 1822
1178 2281
1178 1762
1178 2318
1179 1665
1181 1507
1181 2183
1182 1396
1183 2914
1183 2906
1183 2796
1184 2107
1184 2151
1185 1808
1185 2864
1185 1826
1185 1262
1187 2275
1187 2900
1188 2760
1189 1585
1191 2353
1191 2400
1192 1546
1192 2874
1192 2644
1193 1668
1194 1860
1194 2320
1195 1697
1196 2925
1196 1789
1196 2954
1196 2010
1197 1407
1197 1954
1198 1307
1200 1425
1201 2483
1201 2781
1203 2974
1203 1450
1203 1578
1203 1378
1204 2346
1204 2494
1205 1922
1206 1824
1206 2936
1207 1886
1208 2042
1208 2608
1208 2847
1209 1965
1209 2867
1209 1290
1210 2044
1210 1700
1211 1422
1213 1366
1214 2816
1214 1488
1215 2473
1216 2540
1217 1984
1217 1451
1218 2128
1218 1399
1219 2450
1219 2412
1219 1636
1219 2524
1219 1706
1220 1989
1221 1333
1221 2804
1221 2830
1222 2242
1222 2302
1222 1613
1224 2013
1224 2324
1224 1488
1225 1536
1226 2125
1226 2128
1227 1758
1227 2334
1228 2578
1229 2794
1230 2729
1230 2938
1231 2647
1232 1862
1232 2476
1232 1238
1232 2870
1233 1969
1233 2183
1235 2082
1236 2886
1236 1955
1236 2945
1236 2133
1236 2234
1236 1312
1236 2861
1237 2731
1237 2075
1237 2610
1238 1756
1239 1925
1239 1666
1240 2418
1240 2923
1240 1468
1241 2780
1243 1908
1243 2897
1244 2306
1244 2235
1244 1498
1244 1674
1245 1769
1245 1536
1245 2306
1245 1940
1245 2414
1247 2862
1248 1526
1248 2119
1248 2310
1248 1443
1248 1420
1248 2632
1248 2860
1249 1665
1249 2963
1249 2844
1250 1469
1250 2280
1250 2084
1251 2180
1252 1669
1252 2522
1252 1577
1253 1541
1254 2708
1254 1880
1254 2343
1254 1573
1254 2590
1254 2174
1255 2747
1255 1908
1256 1595
1256 2791
1256 2869
1256 2883
1257 2876
1257 2258
1258 2161
1259 2613
1260 2332
1260 1814
1261 1783
1262 2954
1263 2079
1263 1862
1263 1864
1265 2038
1267 1430
1268 2559
1268 1342
1268 2202
1271 1897
1272 2195
1273 2358
1274 2677
1274 1978
1274 2704
1274 2066
1275 1888
1275 2936
1277 2282
1278 2625
1278 1935
1280 2886
1281 2185
1281 2976
1281 1330
1282 1458
1282 2173
1283 2677
1283 1775
1284 1890
1285 1585
1286 1593
1286 2949
1287 2515
1287 1632
1288 2157
1289 2964
1291 2043
1291 2258
1292 1659
1292 2510
1293 1980
1296 2612
1296 2218
1297 1368
1297 1347
1298 1358
1300 1659
1303 1712
1305 1893
1305 2172
1307 2928
1308 2964
1308 2067
1309 2338
1310 1840
1311 1590
1312 2459
1312 2579
1312 2155
1312 2717
1312 2269
1313 2197
1314 1340
1317 1474
1317 1551
1318 2916
1319 1687
1320 1819
1321 2226
1321 2488
1321 1579
1322 1672
1322 2855
1323 2305
1324 2181
1324 2926
1325 2748
1325 2217
1327 2637
1327 1563
1327 2616
1328 2092
1328 2328
1329 1929
1329 1924
1331 2434
1332 1478
1332 1631
1332 2772
1334 2713
1334 2302
1335 2635
1335 1589
1336 1852
1337 2416
1338 2777
1338 1616
1338 2575
1338 1652
1338 2952
1339 1606
1339 2093
1339 2495
1339 2601
1340 2998
1340 2693
1341 2277
1342 1975
1342 2587
1343 1745
1344 2844
1344 2913
1344 2241
1345 1361
1346 2560
1347 2474
1347 2486
1347 2491
1348 2582
1348 2889
1349 2268
1349 1555
1351 1903
1352 2971
1353 1962
1354 2158
1355 1444
1358 2130
1358 1410
1358 2688
1359 1426
1360 2058
1361 2239
1362 1509
1363 2936
1363 2726
1364 2170
1364 1770
1365 2693
1365 2215
1366 1893
1367 2260
1367 2657
1368 2053
1370 1374
1371 2216
1371 1456
1371 2820
1372 2138
1373 2929
1373 2084
1374 1805
1374 2051
1377 1420
1377 1523
1379 2743
1380 2717
1380 1828
1381 1676
1381 1959
1381 1825
1382 2243
1382 2872
1383 1761
1384 2430
1384 1404
1384 2180
1384 1943
1384 2834
1385 2789
1385 1914
1385 1555
1385 2958
1385 1574
1386 1650
1387 2520
1388 2267
1388 1923
1389 2491
1389 2675
1389 2345
1389 2216
1389 1627
1390 2647
1391 1587
1393 2478
1393 2482
1393 2550
1394 2525
1395 2079
1395 1520
1396 2640
1396 2876
1398 2660
1399 2365
1399 2751
1400 2027
1401 1932
1402 2467
1403 1880
1403 2340
1403 2492
1405 2407
1406 1516
1407 1425
1407 1977
1408 2934
1409 2802
1409 1423
1410 2986
1410 2426
1410 2858
1411 2819
1411 2770
1412 2097
1413 2453
1413 1862
1413 2978
1414 1891
1414 1959
1414 2741
1415 2530
1416 2524
1416 1946
1416 1914
1419 2366
1421 2000
1422 1987
1424 1917
1424 2518
1424 2666
1424 2779
1427 2792
1427 2929
1428 1913
1428 2678
1430 2775
1430 2902
1431 1801
1431 1831
1431 2583
1433 2297
1434 2781
1435 2082
1435 1843
1436 1546
1436 2304
1436 2700
1436 2775
1437 2458
1437 1691
1438 2886
1439 2725
1439 2057
1440 2226
1440 1963
1440 2126
1441 2934
1443 1489
1445 1695
1446 2345
1447 2732
1447 2168
1448 2259
1448 2165
1449 2709
1450 2028
1450 2285
1451 2644
1451 1537
1452 2915
1453 2022
1453 1576
1453 2008
1453 2762
1455 2957
1456 2446
1457 1606
1459 2551
1460 1728
1460 2701
1460 2423
1460 1547
1460 2121
1461 2771
1461 1789
1461 2680
1462 2732
1463 1487
1465 2803
1465 1907
1465 1837
1465 2097
1466 1485
1466 2126
1467 1599
1468 1516
1469 2757
1470 2474
1470 2137
1471 1492
1471 2482
1472 2039
1473 2156
1473 2958
1474 2859
1474 1762
1474 2763
1474 2444
1475 1832
1475 1763
1475 2913
1475 2772
1475 2379
1476 2094
1478 1842
1479 2532
1479 2771
1480 2494
1480 2641
1481 2980
1482 2030
1484 2859
1484 2612
1484 2953
1484 2340
1484 1813
1484 2185
1485 1627
1486 2410
1487 2533
1487 1889
1487 1618
1487 1982
1488 2872
1488 2707
1488 2027
1488 1955
1489 2306
1490 2013
1492 2828
1494 1947
1495 2206
1496 1508
1497 2882
1499 2926
1499 1530
1500 2213
1500 1762
1500 2752
1502 2323
1505 2499
1506 1627
1506 1992
1507 2640
1507 2644
1507 1712
1507 2453
1508 1526
1510 2073
1511 2899
1513 1934
1513 2886
1514 1636
1514 1844
1515 2530
1516 1759
1516 2187
1516 1912
1517 2535
1518 2902
1519 1894
1519 2828
1523 1847
1523 1790
1524 2378
1525 2795
1526 2677
1526 1626
1526 2802
1526 2981
1527 2119
1527 2600
1527 2009
1527 1754
1527 2355
1529 1880
1529 2337
1530 1639
1530 2574
1530 2592
1531 2450
1532 2200
1533 2723
1535 1897
1535 2964
1535 1631
1536 2449
1536 1833
1537 1579
1542 2009
1543 2513
1543 2941
1546 2609
1546 2625
1546 2907
1549 2456
1549 1877
1550 2886
1550 2830
1550 2415
1550 1569
1550 2744
1551 2020
1552 2378
1553 2715
1554 1864
1555 1872
1556 2061
1556 2310
1557 2478
1558 1644
1559 2990
1560 2837
1560 1873
1560 2822
1561 2698
1563 1890
1564 1988
1566 2628
1566 2975
1566 1909
1568 2901
1568 1636
1569 2607
1569 2069
1569 2172
1570 2185
1570 1673
1574 1821
1575 2646
1578 2534
1581 1629
1582 2166
1582 1713
1582 1922
1583 1751
1585 1851
1585 2402
1585 2974
1586 1777
1587 2014
1587 2511
1588 2681
1588 2154
1589 2081
1590 1996
1593 2394
1593 2062
1593 2656
1593 2615
1594 1980
1594 2484
1595 2216
1596 2685
1597 1877
1598 2466
1599 2737
1599 1939
1601 2527
1602 2651
1603 1827
1604 1778
1605 1615
1605 2418
1606 2478
1606 2296
1607 2774
1608 1673
1608 2087
1608 2174
1609 1834
1609 2194
1610 2643
1611 2698
1611 2928
1611 2845
1611 1934
1612 2651
1612 1613
1612 1979
1613 2273
1613 2571
1615 2018
1615 2980
1615 2111
1615 2453
1615 2732
1615 2775
1615 2283
1615 2397
1615 2513
1616 2243
1616 2238
1617 2505
1619 1648
1621 1714
1622 2152
1623 1805
1623 1760
1624 2653
1625 2094
1626 2344
1627 2690
1627 2163
1627 2979
1629 2008
1629 1756
1629 2191
1633 2137
1633 2938
1634 1705
1635 2578
1635 2753
1635 1687
1635 2224
1637 2053
1638 2443
1639 1840
1640 2260
1642 1805
1642 2817
1642 2985
1643 2520
1643 1933
1643 2398
1645 1677
1646 2293
1646 2931
1647 2878
1648 1672
1650 2665
1652 2442
1658 1732
1658 2586
1660 2748
1660 2946
1661 1766
1664 2239
1664 2380
1664 1690
1664 1843
1664 2657
1665 2203
1665 1774
1665 1940
1666 1766
1667 2572
1668 2839
1668 2668
1669 2509
1669 2940
1669 2596
1669 2314
1669 2169
1671 1693
1671 2051
1672 2886
1673 1793
1673 2544
1674 2292
1675 1711
1676 1738
1676 2252
1677 2513
1678 2208
1679 2912
1681 2149
1681 2003
1682 2310
1684 2163
1685 2130
1686 1825
1688 2060
1688 2400
1688 2749
1690 2382
1690 2876
1693 2995
1695 1723
1696 2819
1696 2693
1696 2130
1696 2371
1696 2225
1697 1909
1698 1918
1699 2602
1700 1869
1700 2001
1702 1728
1702 2448
1703 2687
1703 2364
1703 1942
1705 2553
1705 1925
1705 2263
1707 2780
1708 2253
1708 1898
1709 1906
1710 2975
1710 2491
1710 2217
1712 1731
1714 2926
1715 2415
1715 1967
1715 1900
1716 1955
1717 2837
1719 1978
1720 2087
1723 2306
1725 1764
1727 2584
1727 1781
1728 2829
1728 2793
1728 2879
1728 2613
1729 2390
1730 2853
1733 2333
1735 1742
1735 2977
1737 2594
1737 1998
1739 2544
1741 1743
1742 2549
1742 2539
1743 1965
1744 1825
1745 1887
1747 2859
1747 2972
1748 1761
1749 2940
1749 2001
1751 2358
1752 1844
1753 1972
1755 2553
1756 2231
1756 2276
1757 2858
1758 2228
1759 2740
1759 2698
1759 2672
1765 2249
1766 2430
1766 2641
1766 2380
1766 2317
1767 2438
1767 2401
1767 2011
1768 1883
1768 2808
1769 1977
1769 2823
1770 2432
1771 2470
1771 2414
1772 2990
1773 2844
1775 2913
1776 2523
1776 2936
1776 2613
1776 2909
1778 2458
1780 1875
1782 2152
1782 2764
1782 1827
1782 1788
1784 2572
1786 2036
1786 2141
1787 2437
1788 2418
1788 2318
1788 2279
1789 2451
1791 2877
1791 2553
1793 1878
1793 2269
1793 2676
1794 2059
1795 1830
1796 2627
1797 2062
1797 2649
1798 2891
1799 1929
1800 2392
1803 2637
1805 2338
1805 2171
1805 2955
1807 1957
1811 2660
1811 2840
1811 2567
1812 2415
1814 2006
1814 2262
1815 2871
1816 2135
1817 2949
1817 1913
1818 2035
1819 1951
1820 1929
1822 2865
1822 2256
1822 1934
1824 2652
1824 2429
1826 1958
1829 2855
1830 2466
1830 2144
1833 2697
1833 2933
1834 1867
1835 2377
1836 1869
1836 1888
1839 1990
1839 2354
1841 2208
1841 1972
1842 2203
1844 1916
1845 2140
1846 1990
1847 2322
1847 1856
1847 2787
1849 1933
1850 2137
1850 2428
1851 2774
1853 2889
1853 2705
1854 2885
1854 1905
1855 2929
1855 2810
1855 2617
1855 1945
1856 2786
1859 2291
1859 2884
1861 2251
1861 2624
1862 2712
1862 2027
1862 2804
1863 1909
1863 2105
1864 2332
1864 2362
1864 2905
1866 2628
1868 2859
1869 2098
1869 2855
1869 2024
1870 2094
1870 2876
1871 2039
1871 2832
1871 2191
1874 2959
1875 2837
1875 2065
1875 1877
1878 2321
1878 2289
1879 2519
1880 2089
1881 2690
1881 2202
1883 2628
1883 2186
1884 2120
1884 2634
1885 2603
1885 2845
1886 2415
1886 2444
1886 1940
1886 2906
1886 2863
1889 2554
1890 2322
1891 2464
1892 2018
1895 2596
1895 2301
1895 2993
1895 2918
1896 2079
1897 2249
1901 2378
1902 2091
1905 2483
1906 2409
1907 2042
1907 2347
1907 2143
1907 2681
1908 2374
1909 2640
1909 2102
1909 2654
1910 2731
1912 2806
1913 2600
1914 2345
1917 2325
1920 2614
1921 2745
1927 2270
1927 2147
1928 1974
1930 2192
1931 2721
1932 2207
1932 2060
1932 2258
1932 2282
1933 2302
1936 2456
1936 2293
1937 2777
1938 2732
1941 2380
1941 2835
1944 2687
1945 2274
1947 2777
1947 2384
1947 2490
1948 2939
1951 2089
1951 2566
1952 2795
1952 2710
1953 2136
1955 2314
1955 2584
1955 2593
1955 2962
1956 2606
1964 2474
1964 2372
1967 2360
1968 2885
1969 2288
1970 2456
1972 2052
1972 2459
1973 2142
1974 2156
1977 2382
1977 2065
1979 2894
1980 1990
1980 2741
1980 2396
1980 2608
1981 2116
1981 2559
1981 2367
1983 2495
1983 2114
1984 2725
1986 2481
1987 2356
1989 2743
1989 2908
1990 2447
1991 2351
1991 2328
1991 2345
1993 2868
1995 2695
1996 2693
1996 2469
1997 2513
1998 2477
2000 2790
2001 2666
2003 2686
2004 2234
2006 2059
2006 2088
2006 2678
2007 2225
2007 2721
2008 2789
2008 2150
2008 2958
2010 2080
2011 2764
2012 2637
2012 2814
2012 2480
2014 2141
2015 2723
2016 2099
2017 2827
2018 2804
2018 2520
2022 2084
2023 2612
2023 2966
2026 2331
2027 2722
2028 2777
2030 2653
2031 2245
2032 2855
2032 2883
2034 2637
2034 2379
2035 2290
2035 2308
2035 2576
2036 2341
2036 2226
2036 2223
2039 2928
2039 2829
2039 2620
2045 2737
2046 2797
2047 2133
2047 2071
2047 2537
2047 2814
2047 2153
2052 2682
2054 2720
2055 2064
2056 2065
2059 2297
2059 2136
2061 2596
2061 2873
2061 2293
2063 2699
2067 2602
2067 2321
2068 2779
2070 2188
2072 2712
2073 2756
2075 2617
2080 2145
2080 2692
2083 2458
2085 2416
2085 2301
2086 2610
2088 2936
2089 2536
2089 2552
2091 2341
2092 2481
2092 2781
2095 2266
2095 2381
2095 2485
2096 2936
2099 2523
2101 2279
2109 2534
2111 2353
2114 2577
2115 2961
2115 2875
2115 2940
2116 2936
2116 2795
2118 2501
2121 2764
2121 2718
2123 2332
2123 2750
2124 2805
2127 2429
2128 2643
2128 2413
2128 2753
2128 2794
2130 2540
2131 2459
2133 2393
2135 2764
2137 2274
2138 2644
2139 2153
2141 2565
2142 2830
2142 2145
2143 2863
2145 2868
2146 2497
2150 2794
2152 2804
2152 2991
2154 2852
2157 2453
2158 2249
2158 2847
2160 2556
2162 2644
2164 2362
2167 2193
2168 2199
2170 2314
2170 2332
2170 2626
2170 2910
2171 2315
2173 2192
2175 2714
2179 2888
2180 2485
2182 2367
2183 2766
2183 2505
2184 2683
2184 2839
2185 2491
2185 2965
2185 2331
2186 2619
2186 2913
2186 2505
2187 2811
2187 2203
2187 2603
2188 2436
2190 2912
2191 2939
2193 2768
2194 2685
2195 2249
2195 2951
2195 2817
2196 2444
2203 2898
2204 2542
2204 2474
2205 2654
2208 2939
2209 2853
2210 2251
2210 2877
2210 2863
2212 2614
2213 2304
2214 2710
2216 2956
2220 2596
2220 2647
2222 2550
2225 2265
2225 2530
2225 2493
2227 2949
2227 2519
2228 2472
2228 2934
2228 2675
2230 2394
2230 2861
2231 2694
2232 2722
2233 2961
2234 2559
2234 2409
2234 2808
2234 2851
2238 2813
2238 2877
2240 2553
2240 2268
2240 2853
2242 2382
2244 2491
2244 2395
2247 2819
2247 2271
2248 2975
2249 2733
2251 2352
2253 2872
2254 2762
2257 2544
2258 2535
2258 2355
2260 2266
2261 2953
2261 2808
2262 2788
2263 2468
2264 2822
2267 2617
2267 2620
2270 2853
2271 2925
2273 2402
2274 2533
2274 2928
2275 2727
2278 2380
2282 2889
2282 2402
2282 2814
2283 2836
2283 2644
2284 2891
2286 2300
2286 2716
2287 2303
2288 2689
2288 2592
2290 2822
2293 2663
2294 2625
2295 2315
2298 2914
2299 2346
2300 2584
2300 2723
2302 2324
2302 2418
2303 2830
2304 2604
2304 2335
2304 2449
2305 2530
2306 2777
2306 2437
2309 2716
2311 2358
2312 2759
2313 2868
2313 2655
2314 2528
2314 2964
2315 2338
2316 2338
2318 2553
2318 2446
2319 2792
2320 2997
2322 2394
2322 2596
2322 2674
2322 2742
2323 2506
2324 2994
2324 2419
2326 2423
2327 2625
2329 2458
2329 2905
2334 2484
2336 2931
2339 2573
2341 2853
2341 2821
2347 2639
2349 2999
2351 2849
2351 2821
2353 2699
2355 2613
2357 2816
2362 2502
2364 2418
2367 2384
2368 2897
2369 2832
2370 2781
2371 2556
2376 2702
2382 2641
2382 2964
2384 2665
2384 2712
2384 2700
2385 2784
2386 2913
2386 2605
2393 2968
2394 2609
2396 2841
2396 2421
2397 2644
2397 2985
2399 2593
2400 2686
2402 2734
2406 2729
2406 2442
2408 2607
2410 2919
2411 2887
2411 2602
2413 2541
2413 2524
2414 2881
2415 2847
2416 2422
2416 2512
2418 2686
2420 2882
2422 2940
2424 2592
2431 2961
2433 2930
2438 2739
2439 2833
2440 2628
2441 2515
2442 2904
2442 2522
2445 2905
2454 2729
2455 2620
2457 2924
2458 2661
2458 2882
2460 2898
2462 2910
2463 2556
2464 2599
2468 2636
2470 2829
2472 2794
2474 2885
2478 2850
2484 2615
2489 2579
2491 2672
2493 2788
2493 2602
2495 2524
2495 2789
2496 2914
2498 2978
2498 2826
2500 2591
2501 2524
2502 2670
2504 2886
2507 2747
2518 2762
2524 2913
2529 2856
2530 2904
2531 2738
2535 2825
2536 2592
2544 2714
2545 2567
2553 2638
2554 2744
2556 2974
2556 2846
2557 2710
2558 2688
2559 2925
2562 2870
2567 2650
2569 2864
2570 2752
2571 2841
2572 2703
2575 2605
2580 2695
2581 2707
2581 2705
2582 2625
2582 2950
2584 2730
2585 2663
2586 2913
2586 2766
2586 2920
2590 2596
2595 2896
2598 2964
2601 2628
2609 2819
2609 2934
2609 2747
2609 2773
2610 2761
2611 2793
2616 2967
2623 2984
2624 2891
2625 2653
2626 2641
2628 2716
2629 2755
2629 2851
2630 2716
2630 2973
2631 2710
2633 2895
2640 2886
2642 2739
2643 2789
2645 2778
2648 2777
2649 2909
2650 2701
2652 2959
2662 2809
2665 2830
2679 2738
2680 2686
2684 2831
2686 2747
2689 2791
2691 2818
2693 2697
2693 2927
2698 2975
2706 2819
2708 2832
2708 2921
2710 2904
2715 2785
2715 2992
2716 2755
2718 2721
2721 2959
2724 2848
2724 2883
2731 2981
2732 2928
2743 2833
2745 2829
2751 2951
2767 2910
2775 2935
2775 2874
2779 2998
2788 2797
2788 2799
2790 2895
2791 2923
2800 2893
2804 2904
2804 2846
2806 2866
2808 2879
2821 2823
2822 2904
2830 2849
2833 2891
2836 2995
2838 2859
2843 2952
2848 2960
2867 2924
2868 2906
2876 2920
2925 2952
2934 2936
2937 2999
2955 2995
2962 2985
