2500 3496
1 689
2 655
2 923
2 309
2 194
3 841
3 90
4 1697
4 2315
5 328
5 501
5 153
5 2040
6 65
7 1969
8 1267
8 1058
8 97
9 17
9 1518
9 1707
9 1197
9 1663
10 1911
10 1736
10 718
10 630
11 599
12 1821
12 802
12 1359
12 973
12 1603
12 521
12 899
13 1029
13 922
14 1740
14 345
14 2084
14 2355
15 1555
15 490
15 479
15 1551
15 1808
16 1701
17 551
17 688
17 1276
17 568
17 485
18 2186
18 1959
19 399
19 1387
19 135
20 323
20 1603
20 501
21 296
21 1349
22 1272
23 1599
23 1549
23 1285
24 2112
24 503
24 994
25 1225
25 684
25 2384
26 1582
27 1692
27 2081
27 978
27 2388
27 2373
27 1435
28 1002
28 635
28 2091
28 1162
28 1326
28 2079
29 1052
29 1444
30 938
30 971
30 1227
30 1179
31 1984
31 1796
31 1655
32 1363
32 190
33 768
33 1191
33 662
34 2058
34 872
35 1763
36 914
36 308
37 2365
37 2494
37 2197
38 1439
38 2319
39 225
39 1467
39 2041
39 1052
40 1381
40 1057
40 1178
40 744
40 2499
41 2452
41 597
42 59
42 2073
43 228
43 1013
43 1381
43 1727
43 507
43 1864
43 2482
43 1867
44 2027
45 1719
46 331
46 2161
47 235
47 2057
47 222
48 1785
48 2360
48 1134
48 431
48 1612
49 557
49 613
50 312
50 836
50 1481
50 1123
50 1791
50 692
51 1869
52 724
52 1234
53 1972
53 1612
54 1883
54 1794
54 1068
55 64
55 1189
56 2442
56 1467
56 896
56 1712
57 1550
57 1297
57 2323
58 643
58 2030
59 689
59 362
60 605
61 64
62 599
62 2112
62 745
62 998
63 680
64 1096
64 275
64 2255
64 915
64 1883
65 1225
65 122
66 2112
66 2449
67 2246
67 1543
68 892
69 1439
70 2157
70 1791
71 2417
71 1073
72 1492
72 1032
73 1680
74 1325
74 1107
74 1255
75 703
76 2460
77 153
78 1618
79 1450
80 1365
80 264
81 1676
82 1261
83 1722
83 634
83 2396
83 133
83 1567
83 87
83 2225
84 1201
84 1178
84 1767
84 278
84 1880
85 2126
85 1335
85 312
85 147
86 1117
86 892
86 378
86 2470
86 2463
86 1920
86 1861
86 153
87 1753
87 1150
87 776
87 1406
87 2404
87 277
88 844
88 2140
88 1657
89 1271
89 2225
91 557
91 993
91 807
91 118
91 1688
92 1434
92 1051
92 1596
92 1899
93 2044
93 976
93 2399
93 423
93 1615
94 1609
95 1372
95 693
95 230
95 178
95 1579
95 557
96 1937
96 2113
96 1187
97 897
97 127
97 847
97 1446
98 391
98 2093
99 2365
99 1073
99 1071
99 1894
99 278
100 1182
100 177
100 984
101 391
102 854
103 712
103 1252
104 1687
104 1556
105 961
106 664
106 863
106 1843
107 372
107 695
107 1757
107 1829
108 1937
108 1962
108 1855
109 1882
109 1464
109 676
109 1562
109 1755
109 1551
109 161
110 208
110 2326
110 575
111 1028
111 530
111 1046
111 628
112 1693
112 1154
113 114
113 1999
114 2157
114 619
114 151
114 2045
114 270
115 2272
116 1692
117 783
118 578
118 1448
119 1241
119 837
120 1012
121 658
121 1332
121 716
121 1527
122 1144
122 2221
123 1146
123 2430
124 1224
125 1254
125 143
125 1889
125 421
125 1570
125 894
125 199
126 2376
126 2223
126 1225
128 304
128 1372
128 2338
129 1957
129 2012
129 1287
130 2105
130 2137
130 636
131 1994
132 387
132 2372
133 1055
133 1925
133 1317
133 2438
133 642
133 1679
133 2192
134 1810
134 1599
134 2165
134 1805
134 1504
134 928
134 500
134 2251
134 2227
134 2217
134 1808
134 441
135 2063
135 305
135 1142
136 1693
136 1232
136 2160
137 1555
137 232
137 945
138 336
138 366
138 464
139 1862
139 2140
140 1902
140 1496
140 1756
140 1442
140 428
140 605
141 1674
142 660
142 1649
142 1659
142 1422
143 2250
143 1595
144 2174
144 1475
144 2480
144 543
144 2374
145 2048
146 2193
146 1131
147 2380
148 580
148 593
148 1021
149 1023
150 1403
150 309
150 1816
151 783
151 2470
152 1469
152 720
153 2008
153 2085
153 899
153 2075
153 843
153 426
153 1299
153 1494
153 954
153 1079
154 525
155 414
156 412
156 1125
157 1599
157 1482
157 2392
158 2295
158 1064
158 442
158 880
159 480
159 1747
160 539
160 1114
161 414
162 345
163 631
164 961
164 1178
164 1223
164 819
164 760
164 514
165 224
165 375
166 1093
166 1517
166 793
166 823
167 339
168 188
168 1270
169 1779
169 1328
169 1411
169 1310
170 377
170 238
171 2310
172 1098
173 1767
174 1496
175 568
176 1768
177 491
178 766
178 1568
178 1336
179 2349
180 2227
180 983
180 937
181 697
182 1288
182 2369
182 774
182 2340
182 495
183 2008
183 540
183 1199
184 283
184 2477
185 2002
185 770
186 1984
186 387
186 1605
186 2229
187 1559
188 1821
189 1253
190 2129
190 1661
191 1440
191 1497
192 2416
193 672
193 614
194 2200
195 557
195 1581
196 1457
196 2485
197 865
197 976
197 1210
197 1805
197 237
197 291
198 860
198 791
198 958
199 1707
199 1344
199 429
199 1431
200 488
200 725
200 2013
201 1242
201 2243
201 977
201 499
201 1807
201 401
201 1425
202 1618
202 1258
202 2321
203 1690
203 1879
203 1513
203 2154
203 2446
203 1351
203 550
203 2139
204 2209
205 372
205 1141
206 2285
206 1125
207 2047
207 1117
207 385
207 270
207 237
208 2348
208 452
208 1930
208 2334
208 2041
209 605
209 1216
210 265
210 1844
210 919
210 698
211 1901
212 286
213 1908
214 2049
214 2104
215 2297
215 952
216 660
217 1505
217 2232
217 1155
218 2024
218 1201
218 2282
218 2193
218 2479
219 2420
219 1853
219 706
220 1232
220 1603
220 385
221 693
221 2231
221 503
223 1838
223 2477
223 2159
224 1844
224 420
224 1481
224 360
224 2069
224 1167
224 1057
225 1457
225 620
225 895
225 544
225 2346
226 1359
227 529
228 2047
229 2033
229 746
229 565
229 365
230 2069
231 534
231 735
233 615
234 1799
235 2040
235 2125
235 986
236 2498
236 1277
236 430
237 1723
237 1148
238 1096
238 876
238 658
238 612
238 2110
238 1197
238 1734
238 1535
239 1585
240 1469
240 1039
240 902
240 654
241 1646
241 1449
242 1725
243 432
243 2161
243 889
244 552
244 1834
244 1531
244 1164
245 1599
246 936
246 324
247 1042
248 2043
248 754
249 2318
249 2291
249 974
250 740
250 1391
250 1049
251 1429
252 1039
253 1852
253 1113
253 1134
254 876
254 1767
254 2129
254 834
255 1225
256 2039
256 1380
257 2142
258 665
258 326
258 1802
258 2218
259 1013
259 649
260 489
260 1827
260 388
260 1403
260 2430
260 2002
261 419
261 1269
261 2283
261 2153
262 1973
262 1177
262 392
262 690
263 1471
263 1323
264 440
264 869
264 776
264 2058
265 2356
265 2038
265 285
265 2049
265 1977
265 888
266 660
266 1675
267 2415
267 1935
267 2460
267 1050
268 615
268 1271
268 1842
268 467
268 2101
268 2099
268 2424
268 2169
268 2317
269 592
269 1070
271 1466
271 1804
272 1650
273 2365
273 2219
273 1514
274 513
275 409
276 1641
276 2200
277 1658
278 1125
278 1109
279 456
279 631
279 406
279 1216
279 1862
280 2158
280 1246
281 2262
281 1023
282 1836
283 443
283 2294
284 1132
285 1481
286 1718
286 1448
287 1440
287 1235
287 503
288 956
288 1695
289 2482
289 2231
290 580
291 517
292 488
293 1094
293 413
293 377
294 1983
295 978
295 1531
295 2244
295 814
295 424
296 636
296 1344
296 1249
297 1762
297 1726
297 1839
297 777
298 1737
299 1881
299 412
299 1033
299 2462
299 1299
299 613
299 799
299 1689
299 2483
300 1278
300 2288
300 960
301 1464
301 1678
302 312
302 528
303 1764
304 417
304 1474
305 892
305 2060
305 2056
305 1386
306 1790
307 374
308 419
308 1131
308 587
308 1777
308 2093
308 1380
309 1772
309 819
309 1499
309 1335
309 1889
309 1296
309 2307
310 1307
310 1309
311 1966
311 525
312 1250
312 1578
312 1887
313 319
313 2058
314 2083
314 1400
315 2200
315 1155
315 1444
316 1122
316 2152
317 2263
318 1496
319 842
320 2099
321 1814
322 1281
322 1468
323 771
323 2335
323 2149
325 897
325 1134
327 352
327 942
327 2478
327 1014
327 781
327 600
327 1766
328 1321
329 1914
329 829
330 1210
330 1904
331 1356
332 2482
332 536
333 1456
333 1854
333 977
334 695
334 1042
334 1282
334 2328
334 2161
335 851
335 1510
335 2323
335 2311
335 951
336 851
336 2048
337 377
338 1923
338 826
338 2084
338 1455
338 888
339 1718
339 2416
339 842
339 1248
339 1424
340 863
340 2167
341 946
341 2424
341 2450
342 2042
342 1593
343 774
343 1883
344 857
344 1219
344 1980
344 412
346 1415
346 1213
346 381
347 999
348 530
348 510
349 1587
349 1944
350 372
350 2318
350 1520
350 648
350 638
350 2293
350 1770
350 550
350 1595
351 853
352 1903
353 957
354 432
355 630
355 2392
356 1237
357 463
358 1238
359 822
360 978
360 2079
360 376
360 1568
360 1968
360 2112
361 1168
361 2055
362 1356
362 1609
362 1132
362 482
363 1669
363 1243
363 702
364 1757
366 1305
366 2444
367 584
367 1886
367 1479
368 553
369 1679
370 2017
371 877
371 732
372 2033
372 1701
372 1779
372 1885
372 2354
372 875
372 2370
373 2412
373 390
374 1284
374 505
374 2270
375 2242
376 537
376 2199
376 2093
377 2092
377 415
378 977
378 1448
378 1525
378 1116
378 1833
379 1622
379 1277
379 430
380 752
380 1832
381 1639
382 938
383 855
384 1945
385 2391
385 2163
385 1525
385 612
386 2219
386 1194
387 413
387 1778
387 931
388 1621
388 2093
388 2059
388 1912
389 1161
389 2078
389 2368
389 2344
390 844
390 1763
390 2462
390 1214
391 1496
392 435
392 394
393 2185
393 1470
394 942
394 753
394 2079
394 1297
395 1250
396 2417
396 2086
396 2115
397 1030
397 1238
398 950
398 842
398 2306
399 604
399 738
399 891
399 2183
399 741
400 1655
400 530
401 2115
401 1340
402 1032
402 498
403 517
403 2043
403 532
403 869
404 410
405 1750
405 1104
405 2196
406 1666
406 523
406 985
407 1363
407 426
407 1646
408 1618
408 799
410 976
410 934
411 2131
412 558
412 1030
413 794
413 1489
413 422
413 657
413 791
413 2078
413 872
414 2333
416 1764
417 677
417 1811
417 1421
417 1171
417 474
418 941
419 2099
419 954
419 871
420 1687
420 486
420 988
420 2223
421 1638
421 651
421 2131
421 2017
422 1911
422 976
422 2140
422 2414
422 1067
424 1880
425 2179
425 2196
426 1983
426 1476
426 783
427 1773
427 476
429 2385
430 1937
430 500
430 931
431 1593
431 785
432 1902
432 1703
432 1353
432 903
432 1955
433 2078
433 1481
433 1987
433 1815
433 1638
433 1618
434 1937
434 881
434 2205
436 2318
436 2029
436 1475
436 1390
436 2390
437 825
438 624
439 1902
439 1103
439 1672
440 1228
441 629
441 1119
441 1350
441 1377
442 1965
442 1320
443 677
443 2046
444 1790
445 1137
445 686
445 1395
445 2402
445 1146
446 1153
446 1860
446 1940
447 2214
448 1957
448 2103
448 1885
449 1658
450 2179
450 1485
451 2037
452 1450
453 539
453 755
454 916
455 2090
455 655
455 1157
456 629
456 1824
456 1690
456 563
456 949
457 2430
458 1673
458 1058
459 2186
459 2007
459 1167
459 2264
460 1825
460 2317
460 2161
461 1036
461 1353
461 2196
462 1810
462 1432
462 961
462 735
462 1142
462 2008
462 1074
462 2239
462 904
463 1224
463 1990
463 1155
463 592
463 1729
463 1770
463 603
464 1509
464 1964
464 1869
464 1088
465 1572
465 2149
465 537
466 1816
468 1043
468 2259
468 918
468 1064
469 554
470 1237
471 1808
471 991
472 2460
473 1812
475 1094
475 2109
475 1122
476 943
476 1829
477 1430
478 2203
478 1390
480 1685
480 1708
481 1462
481 537
481 2188
481 573
482 1043
482 1247
482 2398
483 2047
484 1859
484 1883
484 2053
484 1700
485 1230
485 861
487 1143
487 1025
487 1643
488 961
488 2335
489 1737
490 2266
492 1749
493 526
493 1313
494 1001
494 580
494 958
494 2092
494 1522
495 1304
496 1504
496 2420
497 1438
497 1499
498 1402
499 1213
499 1747
499 1896
499 1092
500 1788
500 2247
501 2090
502 1460
502 1055
502 1360
503 848
503 2315
503 2028
504 1254
505 602
506 1083
506 2301
506 1893
507 1293
508 1881
508 798
509 2447
509 2463
510 815
510 1916
511 1989
511 994
512 1876
512 1481
512 1258
512 1990
512 1408
513 712
514 2207
515 1014
515 2319
516 1441
516 2200
517 2181
517 921
517 1207
517 1346
517 1687
517 1232
518 1611
519 1579
520 2111
521 1066
521 1969
521 2156
521 740
521 710
522 659
522 1366
522 2092
524 1671
525 921
525 2463
525 597
525 1995
526 2362
526 787
527 866
527 1280
527 967
528 547
528 2101
528 1603
528 728
528 1063
529 779
530 1020
530 1656
530 1255
530 1141
531 2008
531 1128
532 1572
532 534
533 1096
533 2405
535 1123
536 756
536 896
536 1490
536 998
536 934
537 1560
538 1430
538 2149
539 1627
539 1815
541 1017
541 1344
541 2013
541 1288
542 895
542 1793
543 1381
544 1674
545 859
546 2083
546 848
547 2164
547 1481
547 1023
547 1802
547 1846
548 2179
548 1136
548 1147
549 2491
550 2434
550 1377
550 2030
551 672
551 1830
551 1253
552 893
552 1008
552 627
553 1885
553 1148
554 2138
554 1997
554 1590
555 1306
555 805
555 849
556 1284
556 682
557 878
557 577
557 1453
557 1469
558 2115
558 1396
559 1722
559 2044
559 624
560 2340
560 741
560 1475
560 750
560 1973
561 1481
561 1560
562 947
562 2314
562 1041
562 1065
564 1806
564 1741
564 1150
564 817
566 2427
566 1669
566 1925
567 1805
567 670
568 1069
568 1760
569 2022
570 1694
570 1888
571 2017
572 2486
573 942
573 1143
573 979
573 2200
574 2013
574 1332
576 1072
577 2024
577 1498
578 763
579 2215
579 657
580 2265
580 957
581 2442
581 2080
582 604
583 2140
584 1066
584 605
585 1886
585 2481
586 2091
586 840
588 715
589 1722
589 903
590 1329
590 1061
590 772
590 2335
591 638
592 1523
592 1023
592 842
592 2398
592 1154
592 1922
593 2131
594 2280
594 1046
594 2111
595 1874
596 722
596 717
596 970
598 1601
598 2012
599 676
601 1951
603 2182
603 1233
604 1796
604 1822
604 948
604 1060
605 958
605 1736
605 2441
606 1122
607 2043
607 889
608 954
608 1389
608 910
608 2435
609 657
610 1477
611 2134
611 1501
611 2077
611 1297
612 1204
613 1667
614 1508
614 1601
614 2361
615 1969
615 1364
616 1665
616 1657
617 1635
618 2272
619 2192
620 2459
620 1985
620 969
620 1678
620 1644
621 1642
621 784
621 1292
621 997
621 1377
621 683
622 2487
622 2169
623 816
623 2467
623 902
623 2491
624 1929
625 1039
625 2498
626 2049
628 2195
628 2415
629 851
629 1002
629 1460
629 1553
629 1175
629 1809
629 2455
629 2431
630 890
630 1945
630 1961
630 887
630 1081
632 1886
633 2200
633 2381
633 1811
633 1073
635 860
635 1736
635 1368
635 704
636 2356
636 783
637 1175
637 2351
637 2096
637 1249
637 1426
639 1475
639 2132
639 2088
640 1580
641 1381
641 656
641 2397
642 1548
642 2027
642 2091
643 983
643 2070
643 2271
644 1736
645 1544
646 1284
646 1052
646 687
647 1965
648 889
648 1774
648 2298
649 2160
650 1119
650 1023
650 2434
650 1782
650 1281
651 843
652 1811
652 1127
653 1903
653 1038
653 2268
653 1250
653 1750
653 2340
653 2236
653 2069
653 1241
655 1850
655 1239
655 2160
655 2352
657 1852
659 1439
659 1301
660 1162
661 1741
661 1525
663 1013
663 859
664 833
665 1466
665 2069
666 2024
666 1153
666 893
666 1697
666 1268
667 1903
668 2428
669 1396
671 1439
671 2009
672 1066
672 1748
672 1876
672 2378
672 1976
673 1593
674 1579
674 2441
674 2308
675 1805
675 1481
675 801
676 1095
676 1971
677 1563
677 1741
677 1881
677 1776
677 917
678 1384
678 2076
679 2272
680 1935
680 957
681 849
682 983
682 1723
683 1764
683 1459
684 2013
685 1701
687 1044
687 956
687 2295
688 1472
689 1496
689 2309
691 961
691 1481
691 2470
692 1188
692 889
692 1752
694 1266
694 1899
694 2200
695 1224
695 1650
695 2419
695 1833
695 1032
695 1569
696 919
697 1938
697 1172
699 2032
699 1154
700 2356
700 2448
701 1013
702 1379
702 1947
703 1238
703 1816
704 2127
704 1075
705 1695
707 1095
707 1198
707 825
708 1803
709 1419
709 1408
710 1580
710 950
711 920
711 2248
712 1912
713 2309
713 1921
714 2117
714 1003
714 1957
715 1094
715 825
715 1354
715 2411
716 1694
718 1250
718 1928
718 2138
719 2364
721 1416
721 2102
722 798
722 1335
723 2309
723 1166
723 1626
723 835
724 1692
725 1891
726 1937
726 2497
726 2123
727 860
727 2215
728 2364
729 1468
729 1514
729 1480
729 1716
730 1510
730 1223
730 1694
730 1588
731 981
731 1569
732 815
732 1005
732 840
733 2323
733 1940
733 2477
733 1003
734 858
734 1966
735 2000
735 1892
735 1283
736 2182
736 2492
737 2216
738 1907
738 1248
739 2188
740 831
740 1962
741 1621
741 1685
741 986
741 1418
741 1676
742 1451
742 1465
743 1935
743 1731
744 1880
745 1666
746 1924
747 876
747 2200
748 2329
749 2318
750 838
750 1050
751 2175
751 995
751 1220
751 1265
751 1932
751 2066
752 1799
755 1741
755 1361
756 1555
756 1334
756 2430
756 788
757 2118
757 1703
758 2354
758 1947
759 1850
759 1196
759 1260
759 2210
760 2297
760 2353
760 1035
761 1708
762 2105
763 1067
763 1322
763 1966
763 2424
763 2233
764 1010
765 2222
765 1662
765 1210
765 1104
765 846
765 1951
767 1405
768 839
768 2083
768 1529
769 1496
770 1081
770 791
770 804
771 2292
773 1665
773 1279
773 1289
773 1197
774 803
775 1273
776 2216
777 2136
778 1923
779 1748
779 1064
779 1857
780 875
780 1214
781 1307
782 2382
782 2287
782 2405
784 2170
786 1944
788 2006
789 2354
789 1620
790 1748
790 1917
790 1883
790 2200
790 2205
790 1947
791 1994
792 2118
792 1444
792 963
795 1126
795 1957
796 2076
796 1612
797 2398
798 2148
798 819
799 1062
799 2127
800 1636
801 2233
801 944
802 1981
804 1373
805 2315
805 1097
805 1899
805 2066
806 1271
806 2421
807 1126
807 935
807 1297
807 1492
808 1796
808 1653
808 1978
809 1989
810 1028
810 1805
810 1188
811 1504
812 2233
813 908
814 1598
814 1982
815 846
815 1925
815 2484
815 1469
815 1967
816 1908
816 2389
816 1440
816 1685
816 958
816 2195
817 1908
818 1363
819 1264
820 1742
821 1296
821 1048
822 1618
824 1565
824 1437
825 1912
825 1361
825 2099
825 957
825 1797
827 1605
827 2107
828 1969
828 1266
830 1694
830 1063
832 1970
832 1874
833 2171
833 1934
833 1603
834 1263
835 1157
837 915
837 952
838 1865
839 1504
840 1539
841 1542
842 1579
842 1855
842 863
843 1555
843 1212
843 1448
843 1670
843 2347
843 1893
843 1610
844 1335
845 882
846 1243
846 906
850 1006
851 2280
851 2429
852 1810
852 2383
852 1957
853 1686
854 1195
854 2180
855 2423
855 1500
856 1181
857 1906
858 1306
858 2401
858 1236
859 1223
860 2483
860 2026
861 873
861 1982
861 1957
862 1774
862 1967
864 2243
865 1859
865 1965
866 1308
866 1377
867 2360
868 1527
869 2140
869 2454
869 1924
869 2183
870 1975
872 1923
872 1170
872 1823
873 1156
873 1598
873 2433
873 2004
874 2276
874 1455
875 1840
877 1591
877 1465
877 884
877 1746
878 1810
878 2356
878 1859
878 1591
879 1691
879 1313
880 2211
880 1345
882 1141
883 2487
885 1043
886 1779
887 1585
887 1521
887 1856
889 1895
890 1587
890 2254
891 2239
892 2364
894 2028
895 2456
895 1252
895 1424
896 1106
896 1087
896 1984
896 1629
897 1738
897 2225
897 2002
897 2121
897 2324
898 1908
899 1427
900 2258
900 2371
900 1395
901 905
902 2110
904 1074
904 1503
904 955
904 1139
904 1914
905 1885
905 2452
905 2324
906 1908
906 2082
907 1632
908 1142
908 1897
908 2137
908 2225
909 2250
910 2303
911 1154
912 1890
913 1812
913 2055
914 2087
914 2403
916 2330
917 2060
917 1448
919 2285
919 1087
920 2322
920 1004
920 2069
920 2122
920 2473
922 1175
923 2152
924 2061
925 2441
926 1044
926 1717
927 2075
927 1975
927 2432
927 2153
927 1482
927 1793
928 1283
928 2031
928 2118
928 2307
928 1954
929 943
930 1618
930 1749
932 2498
933 2258
936 1271
936 1813
938 1432
938 1473
939 2393
940 1890
940 2412
941 2491
941 1202
943 1806
943 1974
944 1210
945 1906
945 1785
945 1216
946 1263
946 1745
947 1309
947 2485
949 2464
949 2060
950 1559
950 1700
951 2441
951 1395
952 1588
953 1347
954 1230
955 2114
956 2093
956 1625
958 1767
958 1341
958 2012
958 2162
959 1694
959 1418
960 1789
961 1632
961 1873
962 1217
963 1143
964 1496
964 1763
965 1256
966 1422
966 1160
968 2079
969 1463
969 1084
972 976
972 1476
974 2408
975 1377
976 1794
976 1644
976 1481
976 1178
976 1899
976 2331
976 2315
976 2137
976 1148
977 2047
977 1018
977 1481
977 2335
977 1485
977 1277
977 1103
978 1915
979 2218
980 1130
980 1640
980 1444
981 2171
981 1086
981 2067
981 1994
981 1623
982 1125
982 1132
982 2351
983 1567
984 1718
984 2140
986 2033
986 2456
986 1127
987 1207
988 1056
989 1091
990 2237
990 1925
990 1883
990 2372
990 1663
992 1580
993 1415
993 1328
993 2152
993 1478
994 1713
996 2490
997 1613
998 2349
998 1484
998 1649
998 2417
999 1001
999 1602
1000 1463
1000 1968
1000 1267
1001 2092
1002 1882
1002 2415
1002 1306
1002 1417
1002 1195
1002 2062
1002 1919
1002 2249
1005 2452
1006 2191
1007 1536
1007 2042
1009 2307
1010 1117
1010 1548
1010 2166
1010 1450
1010 1718
1010 2458
1011 2165
1011 1652
1012 1906
1012 2484
1012 1823
1012 1254
1013 1910
1014 1802
1014 1218
1015 2206
1016 1216
1016 1475
1017 2379
1019 2256
1019 1629
1020 2342
1021 1407
1021 1909
1021 2157
1022 2306
1023 2389
1023 1925
1023 1328
1023 1450
1023 1267
1024 1847
1026 1896
1026 2230
1027 1256
1027 2187
1027 1303
1027 1797
1027 1307
1028 1422
1028 1704
1028 1946
1028 2036
1029 2059
1030 2128
1030 2052
1030 1353
1031 1810
1032 1887
1032 2418
1032 2386
1032 1238
1032 1447
1032 1863
1032 1078
1033 1530
1034 1241
1035 1175
1035 1502
1035 1719
1036 1632
1036 2206
1036 2463
1036 1257
1037 2046
1037 1569
1038 2407
1039 1524
1040 1872
1040 1333
1041 2200
1041 2447
1042 1124
1043 2185
1043 1905
1044 1200
1044 1568
1045 1083
1045 2490
1046 1176
1046 1919
1046 1205
1046 1792
1047 1334
1050 1090
1050 1609
1050 1106
1050 1828
1053 1400
1054 1390
1054 2221
1056 1445
1056 1656
1056 1795
1058 2187
1058 2290
1058 1401
1058 1736
1058 1421
1058 2405
1059 2389
1059 1454
1062 2318
1062 2241
1063 2284
1064 1190
1064 1181
1064 1076
1064 1889
1066 1563
1066 2148
1066 1193
1066 2044
1066 2473
1066 1264
1066 1847
1067 2000
1067 1783
1067 2476
1068 2364
1070 1138
1070 1204
1072 1178
1073 1967
1074 1511
1074 2257
1076 2068
1077 1879
1077 1385
1079 1881
1080 1518
1081 2474
1082 1429
1083 2335
1084 2405
1085 1180
1087 1792
1087 2417
1087 1392
1087 2208
1087 1670
1087 1488
1089 2238
1089 1168
1090 1916
1090 1159
1091 2425
1091 1636
1091 1506
1092 1634
1093 2216
1093 2360
1093 2352
1094 1805
1096 2165
1096 1312
1097 1482
1098 1953
1099 1982
1100 2112
1101 2078
1102 1475
1105 2341
1106 2155
1106 2253
1107 1204
1108 1929
1109 2309
1109 1788
1110 2012
1111 1242
1112 1843
1112 2086
1115 2447
1116 1136
1116 1619
1116 2463
1117 2425
1117 2179
1117 2438
1117 1281
1117 1898
1118 2480
1120 1805
1120 1424
1121 1222
1121 2469
1122 2331
1122 2052
1122 1688
1123 1493
1123 1410
1123 2496
1125 2111
1125 1436
1125 1728
1126 1975
1127 2347
1129 2356
1130 1809
1131 1851
1131 1481
1132 2165
1132 1764
1132 2487
1132 1667
1132 1445
1132 2308
1133 1906
1134 1465
1134 1998
1134 1250
1135 1827
1137 2420
1138 1317
1139 1721
1139 2051
1139 2041
1139 1798
1140 1992
1141 2198
1141 1149
1141 1663
1142 2072
1142 1384
1143 2120
1145 1837
1145 2036
1146 2368
1148 2461
1150 1863
1151 1537
1152 2436
1152 1985
1153 2347
1154 1767
1155 2312
1155 2131
1155 1509
1156 2333
1156 1342
1157 2391
1157 1431
1157 1535
1158 2491
1160 1299
1160 1540
1161 1266
1162 1550
1162 1625
1162 1925
1163 2311
1164 2033
1164 1217
1165 1353
1165 1584
1166 1408
1166 1215
1169 1923
1169 1229
1170 1510
1170 2227
1170 1513
1173 2003
1173 1541
1174 1760
1175 1958
1175 1670
1176 2222
1176 2194
1176 2390
1176 1818
1178 1985
1178 2453
1179 2261
1180 1888
1180 1462
1180 2171
1180 1618
1180 1318
1182 1984
1182 2089
1183 1697
1184 2204
1185 1741
1186 2122
1186 1377
1187 1569
1188 1193
1189 2485
1190 1480
1191 2047
1192 1776
1193 1995
1193 2380
1193 2128
1193 2304
1193 2454
1196 2440
1200 2018
1203 1983
1204 1835
1205 1563
1205 2144
1205 1273
1205 1939
1205 1768
1206 1214
1206 1412
1206 2028
1208 1893
1209 1343
1209 2193
1210 2071
1210 1451
1210 1948
1211 2222
1211 1274
1211 1709
1215 1642
1216 2347
1216 1625
1216 1938
1219 1734
1219 2002
1220 1579
1220 1841
1221 2397
1221 2443
1221 1353
1222 2391
1222 1896
1222 1877
1222 1394
1223 1885
1223 2060
1224 1455
1225 1311
1226 2162
1226 1467
1227 2079
1229 1486
1230 1914
1231 1425
1232 1657
1233 1885
1234 1409
1234 1759
1237 1996
1237 1316
1238 2387
1240 1743
1241 2391
1241 2005
1241 1668
1241 2133
1241 1514
1242 1382
1243 1900
1243 2044
1244 2108
1245 1298
1247 1803
1247 2316
1247 1722
1248 1893
1249 1687
1250 1575
1251 1496
1252 2020
1252 1308
1252 1355
1252 1767
1252 1472
1254 1810
1255 2278
1256 2425
1257 2024
1258 2178
1259 1655
1259 1543
1259 1532
1261 2193
1262 1270
1263 2181
1263 2451
1263 1883
1263 1665
1263 2375
1263 2275
1265 1592
1265 1626
1265 1841
1266 1407
1266 1652
1267 1605
1270 1797
1271 2180
1272 1555
1272 1948
1275 1688
1275 1979
1275 1999
1276 1318
1277 1329
1278 1797
1278 2101
1278 2357
1278 1365
1279 2142
1280 1823
1281 2465
1283 1475
1283 1329
1283 2205
1283 1416
1283 2143
1284 1417
1286 1417
1287 1902
1287 2345
1288 1935
1288 2468
1288 2495
1289 2101
1290 2119
1290 1975
1290 1626
1291 1958
1292 2184
1294 1726
1295 1805
1295 1616
1295 1552
1295 1912
1296 1625
1296 2344
1297 1771
1298 2335
1299 1384
1300 2111
1300 2441
1302 2329
1302 2315
1302 2340
1302 1318
1303 2078
1304 1617
1305 2202
1306 1812
1306 2244
1306 1647
1307 1714
1307 2008
1307 1635
1310 2085
1310 1899
1311 1680
1312 2260
1312 1589
1313 1817
1313 2195
1314 2495
1315 1473
1317 1684
1317 2286
1317 2163
1319 1990
1321 2425
1324 2046
1325 2171
1325 1767
1325 2432
1327 1891
1327 1861
1328 2016
1330 2473
1331 1671
1332 1780
1332 1663
1332 2478
1334 1819
1335 1895
1336 1435
1337 1822
1337 1702
1338 1415
1338 1893
1338 2292
1339 1642
1341 2488
1341 1656
1342 1512
1343 2410
1344 2131
1345 1493
1346 1999
1346 1704
1347 1368
1347 1362
1348 1531
1349 1774
1349 2112
1349 1909
1350 2146
1350 2390
1351 1909
1352 2497
1353 2149
1353 2426
1354 1787
1354 1656
1354 2428
1354 2264
1355 2408
1356 1919
1357 1439
1357 2387
1358 1418
1361 2105
1362 2014
1363 1776
1363 2385
1363 1386
1363 1924
1365 1458
1365 2245
1367 2070
1367 1784
1369 2017
1369 2289
1370 1889
1370 2095
1371 2241
1372 1383
1373 1553
1374 1599
1375 2412
1376 1885
1377 2044
1377 1467
1377 2036
1377 1447
1378 2369
1380 1576
1380 2187
1382 1462
1382 2022
1384 1822
1386 1483
1387 2231
1388 2250
1389 2320
1390 2173
1390 1400
1392 2195
1393 2175
1395 1673
1397 1588
1398 1527
1399 1414
1399 1951
1403 2099
1404 2237
1405 1728
1406 2027
1408 1437
1408 2104
1408 2055
1412 2042
1413 1748
1414 2417
1414 2376
1415 1463
1416 2221
1417 2164
1417 2302
1417 1790
1417 1678
1417 2255
1419 1699
1419 2138
1419 2398
1420 1600
1421 1783
1422 1949
1422 2097
1423 2233
1424 1433
1424 2086
1424 1786
1425 1565
1425 1918
1427 2173
1428 1464
1429 1718
1430 1990
1430 1646
1430 1835
1434 2091
1434 1908
1434 1801
1435 2165
1435 1436
1436 2406
1436 2381
1437 2391
1437 1837
1438 1649
1439 1882
1439 1585
1439 1597
1439 1913
1439 1526
1439 1487
1439 2276
1439 2099
1440 2336
1441 1888
1443 1749
1443 2190
1447 2017
1447 1583
1448 2157
1452 1713
1452 1747
1454 1993
1454 2346
1456 1956
1456 1532
1457 1992
1461 1516
1462 2092
1462 2442
1462 2306
1463 1740
1466 1632
1466 2362
1466 1715
1467 2270
1467 1985
1467 2475
1467 2098
1470 2374
1471 2405
1472 1516
1472 1604
1472 1703
1475 2298
1475 1925
1475 1687
1475 2344
1476 2087
1476 2141
1477 2255
1478 1837
1479 2339
1481 1623
1481 2113
1481 1913
1481 2094
1481 1940
1482 1637
1482 2489
1485 1998
1485 1953
1488 1930
1491 1540
1491 2086
1492 1972
1492 2126
1492 1686
1493 1632
1493 1545
1494 1831
1494 1698
1495 1844
1495 1836
1496 2100
1497 1610
1498 2011
1499 1694
1499 2206
1499 1975
1500 2435
1500 2124
1501 2019
1502 2228
1503 1938
1503 2197
1504 2445
1504 2008
1505 2362
1505 1577
1505 1998
1507 2259
1507 1984
1508 1579
1510 2186
1510 1681
1515 1619
1516 2225
1516 2034
1518 2263
1519 1912
1519 2074
1519 2152
1520 2158
1520 2023
1520 1582
1521 2069
1522 2316
1522 1606
1523 1679
1525 1781
1525 1607
1525 2457
1527 2047
1528 2407
1529 1990
1531 2438
1531 1551
1532 2450
1533 1938
1534 1649
1536 2415
1536 2137
1536 2151
1537 2173
1538 1998
1539 1849
1540 1809
1542 2380
1543 2195
1544 1850
1544 1666
1545 2060
1546 1824
1547 2181
1547 1927
1548 1628
1550 2233
1551 1859
1551 1899
1551 1666
1553 2017
1553 1674
1554 1649
1554 1739
1555 2416
1555 1768
1555 1658
1556 2302
1556 2079
1557 1988
1558 1794
1560 2315
1560 2131
1561 2008
1562 2001
1563 1810
1563 1949
1563 2348
1563 2365
1563 2395
1563 2066
1564 1762
1565 1898
1566 2310
1566 2317
1567 1782
1568 2408
1570 2010
1570 1786
1571 1893
1573 2455
1574 2435
1576 1688
1577 1765
1578 1871
1579 2106
1579 2283
1583 1859
1583 2056
1583 1994
1585 2274
1586 2304
1587 1957
1587 2175
1587 2382
1587 1754
1587 2195
1588 1680
1588 1630
1591 1925
1592 1940
1594 2309
1597 1831
1597 2206
1597 2416
1598 2159
1599 2099
1600 1618
1603 2285
1604 2358
1608 1726
1608 1705
1609 1959
1609 1791
1611 1818
1612 2295
1614 2423
1616 1794
1617 2126
1617 1699
1617 1794
1619 2457
1620 1786
1621 1995
1622 2280
1623 1957
1624 2241
1625 1690
1625 1943
1626 2122
1626 1926
1626 2335
1627 2158
1630 2329
1631 2039
1632 2333
1633 2224
1633 2441
1634 1735
1635 2156
1637 1952
1638 2472
1641 2244
1642 1887
1645 1812
1645 1914
1646 1742
1648 1903
1649 1882
1649 1992
1649 2331
1651 1685
1652 1712
1654 2398
1655 2393
1656 2483
1658 2012
1658 2084
1659 2211
1660 1715
1661 2289
1664 1902
1664 1718
1664 1950
1664 1671
1666 1826
1666 1709
1670 2427
1675 1759
1676 1857
1677 1730
1680 2033
1682 1937
1683 1881
1684 2487
1684 1999
1685 2381
1686 1943
1686 1808
1689 1811
1691 2487
1691 2277
1691 2201
1692 1935
1693 2451
1694 1895
1694 2124
1696 1946
1698 2155
1699 2059
1701 2181
1706 1894
1710 1992
1711 1887
1711 1738
1711 1775
1712 1872
1713 2056
1716 2191
1718 2039
1718 2297
1720 2418
1720 2423
1723 2381
1723 2374
1723 2131
1724 2289
1725 1847
1725 2470
1727 2427
1728 1911
1728 2391
1728 1862
1730 2318
1730 2088
1730 2084
1732 2342
1733 1878
1735 2280
1736 1846
1737 2480
1738 2273
1738 1758
1739 2108
1741 2087
1741 2047
1743 2432
1744 1821
1746 2365
1747 1957
1748 1753
1749 2130
1750 1983
1750 1901
1751 1778
1753 1895
1753 1828
1754 1933
1755 2079
1755 2401
1758 1984
1758 2299
1759 2338
1759 2092
1761 2427
1762 2304
1763 1985
1763 2185
1764 1866
1764 2207
1767 2332
1767 2381
1767 2107
1769 2362
1770 1892
1770 2295
1771 1969
1772 1883
1773 2156
1773 2152
1774 1984
1775 2235
1777 2140
1780 1996
1781 1810
1781 2209
1783 2289
1783 2494
1786 1792
1791 2400
1792 2280
1792 2204
1792 2119
1792 2061
1794 2104
1795 2371
1796 1799
1796 2054
1796 1841
1796 2006
1797 1888
1799 2211
1800 1806
1802 2055
1802 2110
1805 2047
1805 1903
1805 2111
1805 2197
1805 2332
1805 2219
1806 2323
1807 2239
1807 2428
1808 1956
1810 1984
1810 2278
1811 2486
1812 1906
1812 2203
1812 1821
1814 2175
1818 2072
1818 2150
1820 2435
1822 1925
1823 1892
1824 2341
1825 2438
1825 2413
1828 2122
1828 2409
1829 2110
1829 1866
1830 1865
1833 2487
1833 2324
1837 2423
1838 2395
1839 2059
1843 2226
1845 1912
1848 2318
1850 2148
1853 2279
1853 2153
1855 1865
1855 2050
1855 1870
1858 1966
1860 1950
1861 2153
1862 2252
1864 2113
1864 2246
1866 2484
1868 2158
1868 2447
1869 2094
1869 2485
1869 2124
1869 2199
1871 2163
1872 2442
1872 2343
1873 2346
1873 2262
1875 2228
1876 1985
1878 2438
1878 2139
1882 1937
1882 2173
1883 2037
1883 2300
1883 2495
1884 2043
1887 1888
1887 2342
1888 2033
1888 2398
1889 2180
1889 2150
1890 2092
1892 2238
1892 2140
1892 2142
1892 1981
1894 2079
1895 1973
1895 2132
1896 2150
1902 2280
1902 2434
1903 2436
1908 1931
1911 2148
1912 2191
1912 2453
1913 1921
1918 2041
1919 1955
1919 2498
1921 2182
1921 2296
1921 2312
1921 2366
1922 2066
1923 2222
1923 2493
1923 2147
1923 2410
1924 2375
1924 2088
1924 1942
1925 2223
1928 2053
1929 2305
1933 2112
1934 2500
1936 2365
1940 2397
1940 2076
1941 2055
1942 2435
1943 2220
1946 2056
1947 2197
1949 2134
1950 2086
1951 1993
1952 2024
1955 1991
1957 2348
1960 1971
1962 2441
1963 2305
1966 2360
1968 2000
1969 2280
1969 2169
1969 2253
1970 2294
1972 2033
1974 2035
1985 2258
1985 2499
1986 2279
1987 2002
1987 2342
1988 2203
1989 2181
1991 2349
1991 2021
1992 2466
1994 2479
1995 2350
1996 2354
1998 2378
1998 2236
1999 2438
2000 2067
2002 2025
2003 2148
2003 2464
2008 2052
2009 2092
2012 2323
2013 2139
2015 2419
2016 2166
2019 2458
2020 2436
2023 2160
2024 2299
2024 2064
2024 2193
2027 2188
2031 2145
2032 2362
2033 2148
2033 2422
2037 2238
2038 2151
2040 2337
2040 2309
2042 2432
2044 2052
2044 2221
2045 2066
2047 2327
2047 2065
2047 2078
2049 2367
2053 2199
2059 2117
2060 2193
2064 2212
2071 2493
2072 2213
2075 2131
2075 2360
2075 2370
2076 2475
2079 2231
2087 2182
2091 2313
2094 2415
2097 2281
2098 2460
2099 2325
2099 2451
2109 2437
2110 2250
2112 2240
2112 2392
2113 2365
2116 2462
2117 2415
2117 2337
2119 2272
2122 2143
2128 2480
2133 2177
2135 2237
2140 2234
2147 2197
2150 2162
2157 2478
2160 2180
2164 2359
2165 2400
2168 2497
2171 2269
2172 2490
2174 2200
2175 2216
2176 2379
2176 2301
2179 2458
2182 2193
2185 2451
2187 2489
2188 2471
2189 2221
2200 2246
2206 2301
2211 2450
2212 2214
2213 2256
2222 2280
2224 2366
2231 2466
2237 2483
2239 2295
2252 2330
2258 2322
2267 2418
2270 2342
2278 2310
2279 2379
2279 2331
2293 2372
2293 2294
2298 2377
2302 2463
2305 2356
2319 2495
2320 2402
2327 2363
2346 2439
2350 2354
2351 2496
2365 2464
2366 2389
2372 2397
2376 2408
2387 2475
2394 2467
2398 2426
2414 2467
2416 2491
2422 2488
2457 2493
