2000 2996
1 596
2 93
2 291
3 423
4 1058
4 273
5 1375
5 924
5 829
5 367
5 640
5 845
5 1579
6 1909
6 669
6 1439
7 1221
7 692
8 1809
8 1258
8 535
9 24
9 1205
10 1199
11 1983
12 1086
12 197
13 512
13 170
13 1696
13 1312
13 1371
13 226
13 1317
14 1524
14 1058
14 1319
15 1584
15 1108
15 1880
15 477
16 1481
16 1812
16 1033
17 1972
18 1643
18 1393
18 750
18 1391
19 1764
19 1048
20 1664
20 234
20 311
21 1981
21 1602
22 1592
22 1793
22 770
22 1734
22 571
23 764
23 1330
23 1414
24 1072
24 112
24 1448
25 1649
25 694
25 333
26 859
26 877
26 79
26 1423
26 486
26 1551
26 1232
26 459
27 1359
27 1280
27 231
27 581
28 1862
28 1480
28 1249
28 641
28 1662
29 1398
30 1914
30 394
30 1644
30 442
30 1355
30 1203
30 421
31 1907
31 1448
32 1240
32 134
32 276
33 1396
34 1946
34 1355
35 859
35 1918
35 1137
36 1261
36 1546
36 547
36 143
37 327
37 90
37 841
37 547
37 575
38 707
38 772
38 530
38 225
38 700
39 425
39 1788
39 813
40 307
40 288
40 1939
40 880
40 751
40 716
41 1718
41 140
41 1943
41 628
41 702
42 970
43 820
43 1484
43 634
43 694
43 589
43 403
44 238
44 1758
44 875
45 1830
45 1542
46 1659
47 570
48 986
49 852
49 1712
49 1998
49 1118
49 1730
49 1364
50 1074
50 1108
51 780
51 745
51 1839
52 904
52 979
53 904
53 314
53 1933
53 312
54 1649
54 674
54 122
54 179
54 1763
54 739
54 1667
55 504
55 1739
55 1559
56 199
56 331
56 1939
57 789
57 233
57 1525
57 361
58 1039
58 437
59 1480
59 1507
60 430
61 945
61 1619
61 1561
62 1777
62 284
62 374
62 1405
63 1951
63 1324
63 1179
63 1803
63 287
63 1590
64 1082
64 1614
64 1186
64 1604
64 1379
64 1480
65 1242
66 613
66 882
66 1841
66 690
67 1495
67 1096
67 108
67 191
68 884
68 1087
69 1062
69 519
69 468
70 1330
71 884
72 675
72 1413
72 702
72 362
72 536
73 1192
73 1132
74 742
74 1086
74 1683
74 1726
75 1358
76 282
77 308
77 423
78 548
79 667
80 719
80 1915
81 945
81 594
82 475
83 686
83 1852
83 1060
84 343
84 1799
85 944
85 1894
85 442
85 164
86 355
87 1574
87 462
87 1165
87 439
87 266
88 1850
88 1113
88 639
89 327
90 1038
90 1823
90 1157
91 485
91 489
91 1588
91 111
92 1889
93 238
93 857
93 1690
93 775
94 1416
95 391
95 1134
95 851
95 1407
95 1814
95 1175
95 1508
96 1591
96 1745
96 1616
96 1872
96 1380
96 1686
97 932
98 1584
98 308
98 480
99 1495
99 753
99 793
99 1020
99 1907
99 1888
99 1474
99 472
100 1010
100 1507
101 355
101 1275
101 1665
101 911
101 391
102 355
102 1500
102 278
103 1869
104 311
104 614
104 1606
105 1772
106 1999
107 1547
107 1507
107 1220
107 1282
107 326
108 386
108 638
108 354
108 258
108 559
108 1873
108 232
109 1045
109 245
110 654
110 1395
110 681
111 1850
111 1708
112 1826
112 1557
112 346
112 1292
112 127
112 1517
112 1977
113 1948
114 1119
115 1700
116 1098
116 953
117 501
117 1038
117 1644
117 170
117 1852
117 708
117 1149
117 365
118 487
119 1528
119 1108
120 1207
120 574
120 812
121 283
122 1979
122 1083
123 1267
123 1686
124 1237
124 1773
124 264
124 1562
125 1582
126 1982
127 894
127 228
128 1640
128 591
128 1509
129 1539
129 1167
130 400
130 1469
130 1649
130 1461
130 1868
130 1161
130 1592
130 1042
130 425
130 1348
130 1622
130 268
131 820
131 527
131 1143
131 302
131 287
131 1633
131 1791
131 500
131 405
132 1242
132 141
133 221
133 522
134 1329
134 1223
134 902
135 1234
135 972
135 572
135 1523
135 1189
135 1396
135 460
135 1292
135 656
136 1888
136 684
136 312
136 858
136 1100
136 1293
136 353
137 1130
137 797
138 1811
138 1642
139 1497
139 1580
139 1104
139 986
141 885
141 757
141 1208
142 1340
142 593
142 1802
143 545
144 582
144 148
144 1373
145 170
145 916
146 648
146 553
146 1874
146 389
147 1348
147 283
147 600
147 1341
147 1534
148 910
148 1124
148 863
148 1470
149 1276
149 349
149 172
149 1101
150 673
150 1952
150 672
150 881
150 1129
151 527
151 1358
151 1077
151 533
152 1959
152 904
153 1152
153 1076
154 975
155 421
155 610
155 1857
155 1188
155 669
155 479
155 982
156 823
157 1406
157 296
158 859
158 1913
159 1606
160 718
160 1765
161 718
162 607
163 1011
164 1822
165 619
166 982
166 1576
166 655
166 1518
166 1902
166 946
166 1714
167 1756
167 453
167 1375
168 674
168 1564
168 1338
169 1355
170 498
170 621
170 1631
170 1567
170 251
171 1383
171 382
172 1266
172 1005
172 1598
172 813
173 371
173 1908
174 1752
174 757
174 307
174 193
174 1989
175 1618
176 419
176 708
177 1082
177 1624
177 1074
177 833
177 382
177 1037
177 780
178 320
178 264
178 1623
178 1199
179 1794
180 1011
181 986
181 868
182 650
182 1970
182 392
183 1298
183 657
184 1945
184 519
184 1636
185 416
185 1785
185 1966
185 1551
186 981
186 810
187 243
187 670
187 1907
187 202
187 1036
187 611
188 1935
188 540
188 404
189 834
189 1056
190 1351
190 982
190 260
190 1051
190 1366
190 337
190 453
190 229
191 1426
191 463
191 1252
192 298
192 537
193 1122
193 392
193 1007
193 1211
194 1993
194 1758
195 1116
195 1458
196 1965
196 831
197 549
197 329
198 1587
198 775
198 315
199 1351
199 284
199 224
200 1520
200 685
201 1785
201 1701
201 1508
202 1331
202 1732
202 506
203 1961
203 1916
204 1041
205 1631
206 1347
206 1248
207 1519
207 397
207 1125
208 794
208 1745
209 1130
210 272
210 1629
210 1178
211 1755
211 1917
212 1971
212 218
212 1731
212 453
213 340
214 235
214 1954
214 900
214 1957
214 1294
214 1352
215 1383
215 1022
216 1395
216 1091
216 1201
217 1083
218 857
218 1882
219 556
219 1429
219 1262
219 863
220 1761
220 1521
221 820
221 508
221 1024
221 1948
221 1222
222 514
222 1520
223 907
223 1919
224 1460
224 768
224 1276
225 1890
225 1294
226 1321
226 735
226 1324
227 432
228 383
228 1953
228 564
229 1451
229 733
230 569
232 313
233 1248
233 1407
233 368
233 891
234 1112
235 754
235 1112
235 838
235 1728
236 668
236 684
236 1617
236 1494
236 868
237 905
237 1589
237 513
237 1558
237 1149
238 1740
239 1718
239 843
239 1990
239 762
239 638
240 395
240 1279
240 1543
241 1141
242 1156
243 1592
243 639
243 688
243 684
243 418
244 1053
244 378
245 1971
245 1208
245 1778
245 1374
246 1942
246 1724
246 492
246 1553
247 1969
247 333
247 601
248 1337
248 1237
249 1016
250 1333
251 903
252 1090
252 1333
252 816
252 253
253 558
254 600
255 1445
255 1829
255 1666
255 1093
255 1958
255 497
256 938
256 1899
257 1434
258 1879
258 1259
258 899
259 633
260 1380
260 945
260 991
260 1653
260 1645
261 520
262 976
262 533
263 1348
263 1187
263 1721
263 413
263 327
264 959
264 858
265 844
265 1954
266 1988
267 1280
268 1415
269 1851
270 1146
270 1383
271 1166
272 1993
272 1566
272 1126
272 1954
272 596
273 498
273 1367
273 888
273 1849
274 825
275 283
275 1954
275 1754
277 975
278 611
279 333
279 1986
280 1188
281 1190
281 1711
281 531
282 355
283 895
283 433
283 814
283 622
284 933
284 611
284 417
284 907
285 943
286 643
287 1011
287 1424
287 1200
287 1328
288 1646
288 1642
288 1212
288 1203
288 420
288 1238
288 1949
288 512
289 1194
289 940
289 383
289 1606
289 1913
290 914
291 1402
291 465
292 1067
292 1939
293 343
294 691
295 392
295 306
295 1333
295 686
295 1297
297 439
297 1417
297 326
298 1260
298 449
298 1364
298 510
299 974
299 1076
300 703
300 430
300 632
301 698
301 1663
301 1910
301 1345
301 1628
301 1534
302 894
302 1838
302 1819
302 1345
302 1679
303 694
304 777
304 605
304 756
304 1482
304 700
304 1404
304 1192
304 520
305 1139
305 363
306 484
306 929
306 1038
306 745
306 1512
306 1969
306 976
306 1171
307 309
308 1347
308 1084
309 1223
310 1086
310 1354
311 1571
311 1361
311 1669
312 380
312 366
313 959
314 944
315 768
315 1331
315 1743
316 1332
316 1832
316 699
317 1371
317 1297
317 983
318 832
318 1835
318 1817
319 1493
320 967
320 862
320 712
320 978
320 676
321 1479
321 491
321 571
322 1463
322 1506
322 416
323 1238
324 1347
325 1763
325 1485
326 820
326 1250
327 1207
327 1879
328 718
328 1710
328 464
329 1592
329 1855
329 601
329 954
329 450
329 1753
329 360
330 500
330 818
330 1375
331 876
331 410
332 1648
333 994
333 699
333 1758
334 564
334 1300
334 1406
335 1851
335 1837
336 645
336 603
337 1263
338 1264
338 846
339 750
340 1118
341 1442
341 1699
341 1782
341 1107
341 1735
342 985
342 1511
343 493
343 1839
343 1870
343 460
343 1112
343 1174
343 1733
344 1569
344 807
345 1196
347 897
347 638
348 1082
348 745
348 536
349 1012
350 371
350 754
350 1195
350 618
350 868
350 978
351 1591
351 768
351 1377
351 746
351 1526
352 1441
352 757
353 1018
353 1467
353 746
353 1777
353 1055
353 390
353 792
354 1186
354 1823
354 398
354 1802
354 1197
355 1260
355 1804
356 1833
357 822
358 1988
358 1508
359 508
359 1638
360 1367
360 1353
361 1857
361 494
361 466
363 572
363 1978
363 458
363 1725
363 715
364 1385
364 1198
365 1528
365 1570
369 435
369 740
369 1619
369 894
370 1295
370 920
371 400
371 853
371 953
371 1399
371 1666
372 477
372 1610
372 1248
372 1997
372 1615
372 1620
372 818
372 1612
373 1053
373 420
373 567
373 952
373 1425
373 1040
373 1854
374 1028
375 1545
376 727
377 980
378 987
378 606
378 974
379 1911
379 1717
379 1928
380 1118
380 1488
381 1260
381 887
382 1802
382 1476
382 1359
383 1260
383 974
383 1542
384 1646
385 1692
385 1193
385 842
386 1036
387 690
387 1888
388 1278
388 559
388 998
389 1904
389 768
389 1511
390 1532
391 903
391 1945
391 1325
391 1553
391 644
391 460
392 1348
392 1370
392 1904
393 1638
393 679
393 1619
395 820
395 551
395 1155
395 782
396 1352
396 755
396 974
396 1001
398 1876
399 1024
400 1862
400 967
400 673
401 1626
402 952
402 847
403 1527
404 1771
404 968
404 700
404 1891
404 1434
405 1691
405 1421
405 506
406 584
407 1584
408 680
409 1697
410 1035
410 961
411 1765
411 872
412 1965
412 1213
413 1737
413 1776
414 1598
414 973
414 1787
415 1719
415 547
416 1442
416 1768
416 1049
416 910
416 526
416 519
416 887
416 1744
417 994
417 1906
417 1288
418 846
418 507
419 1778
420 1625
420 1635
420 855
421 1973
421 1913
421 1607
421 871
422 1915
423 1682
424 806
424 526
425 1267
425 1153
425 1415
425 534
426 551
426 1737
426 785
427 1489
427 502
428 1126
428 1368
429 1737
429 1808
430 704
430 1226
430 1690
431 1768
432 1016
432 999
433 589
434 1629
435 1103
435 1492
436 608
437 916
437 554
438 1725
438 1749
439 1918
439 1208
439 1311
439 1722
440 1633
440 713
440 1064
441 1780
442 1406
442 1721
442 1582
442 725
442 911
442 1647
442 1185
442 1350
443 558
443 1384
443 1098
443 927
444 739
444 953
445 1654
445 1815
446 1451
446 1593
447 1801
448 1571
448 1590
449 1769
449 1242
449 1535
450 736
451 1150
451 481
452 746
452 1088
452 516
453 1490
453 1591
453 1797
454 985
454 1915
455 810
455 1428
455 1561
456 972
456 1618
456 768
457 1081
457 1130
457 1842
457 696
459 627
460 1064
461 1419
462 1374
464 589
464 722
464 1181
464 478
464 1156
465 584
465 1222
465 1599
465 908
465 739
466 1833
466 866
467 601
467 891
468 691
469 1083
470 1376
470 815
471 896
472 1346
472 1437
472 1391
472 727
472 1707
472 1467
472 873
473 826
474 1913
474 874
474 1513
475 1117
475 1536
476 1484
477 1716
477 1306
477 1286
477 968
478 859
478 1202
479 905
479 1957
479 1477
482 1649
482 1752
482 1234
482 1897
483 1447
483 487
484 683
484 1790
485 1298
485 550
485 1283
486 988
486 1960
486 640
486 1986
486 1012
487 1662
487 1574
487 1965
488 1362
488 1477
488 1159
489 1509
489 796
489 1901
489 1203
489 594
490 1025
492 1066
492 1399
493 981
493 1718
493 942
494 538
494 1801
494 1683
495 1054
495 1940
495 1276
495 787
495 1456
496 938
496 1019
496 1451
496 1867
496 604
496 1995
497 1742
498 1285
498 1895
498 1093
498 1536
498 776
499 1382
500 725
501 1235
501 1783
501 1939
501 1415
502 933
502 1716
502 1951
502 599
503 1951
503 895
504 1228
505 829
506 1809
507 1692
508 1321
508 1729
508 1651
508 789
508 1703
509 919
509 1140
510 729
510 1391
510 1882
510 1767
511 1245
511 1325
512 1221
512 1016
512 1247
513 1792
513 1456
514 1449
514 690
515 1829
515 1292
515 965
516 830
516 756
516 1468
516 1886
517 1210
517 1984
517 678
517 648
517 1711
518 1484
518 1883
518 1337
518 996
518 537
519 1770
519 615
519 1423
519 1430
520 890
520 1007
521 1864
522 698
522 1040
522 1361
523 1394
523 1054
523 598
524 609
524 1099
524 1129
525 1594
526 1405
526 1038
526 1485
526 1960
526 784
526 1789
526 1370
527 1442
527 1278
527 1526
527 711
527 1787
527 744
528 1855
528 1495
528 1821
528 1124
528 1265
528 1418
529 1587
529 671
530 984
530 1059
531 1597
531 1643
531 545
531 1970
531 1691
532 861
532 642
533 1210
533 911
533 1367
533 1356
534 1413
534 1180
534 1512
534 1059
534 821
536 665
536 551
537 1633
538 945
538 1851
539 1643
539 1031
540 1957
540 1432
540 1558
541 1268
541 1994
542 1794
542 1403
543 1220
543 1797
543 634
544 918
544 1063
545 1103
545 809
545 1382
546 875
546 1954
547 1376
547 1798
548 1133
550 1885
550 625
552 1652
553 1996
553 1218
554 684
554 1770
554 657
554 846
555 858
556 1639
556 594
557 854
558 930
558 738
558 968
559 1720
560 688
560 776
561 578
561 1770
561 1194
562 1887
563 1075
564 1345
565 1297
565 1314
565 1771
566 644
566 1012
567 1173
567 743
567 679
567 1801
567 1081
568 1424
568 1474
569 1959
569 1987
569 1944
569 1632
570 701
570 1352
570 1579
572 1496
572 1717
573 1041
573 1650
574 964
574 1536
575 1671
576 1980
576 1207
576 1395
577 1950
577 1527
577 1233
577 1033
577 1763
578 1318
578 1771
579 1956
579 784
580 1848
580 887
581 1852
582 1445
582 1623
582 768
582 790
583 1666
584 1359
584 1229
585 1821
585 1465
586 1170
586 1540
587 1657
588 1990
589 1995
590 654
590 1850
591 833
591 1435
592 698
592 1070
592 723
592 1983
593 1758
594 1886
594 1406
594 830
594 1985
595 1465
595 1136
596 1248
596 1559
596 1538
597 1187
598 1360
599 808
600 1264
601 1675
601 1971
601 1748
602 1914
602 1470
602 762
602 1661
607 1060
607 1494
607 1052
607 1919
608 1267
608 1243
608 1036
608 1961
608 1172
609 1002
610 1272
610 1287
611 1719
612 1377
613 1035
615 907
615 1483
616 1135
616 628
617 1752
617 1718
617 1734
619 724
620 1949
621 1164
622 887
623 1524
624 637
625 1383
626 791
627 1661
627 1251
627 941
627 956
627 1649
628 953
628 660
629 1367
629 1821
630 986
630 1047
630 1171
630 1305
631 1474
631 1069
631 1905
633 861
633 1177
634 1954
634 1761
635 1380
635 1383
636 1578
636 1029
636 1537
637 975
637 1325
637 1905
637 1372
637 902
637 1708
638 1973
638 1485
638 1818
638 1797
639 937
640 1504
640 1136
643 1046
643 1108
643 1422
644 1355
644 1747
645 884
646 1485
647 1081
647 1410
648 967
648 943
648 1486
648 1476
649 887
650 1207
650 1866
651 673
651 1144
652 907
652 1293
652 1673
653 1398
653 1105
654 1592
656 971
656 1840
656 1902
656 1442
656 1334
656 1537
656 1227
657 1119
658 1756
659 968
660 915
661 1220
662 1693
662 1890
663 1467
664 1683
665 1461
665 852
665 955
665 1989
666 1633
666 805
668 1643
669 1697
669 1496
669 1162
669 1560
669 1458
670 893
670 721
670 1104
672 799
672 1682
672 1398
673 1139
673 985
673 1628
673 1121
673 981
673 1270
673 1123
674 1972
675 1578
675 771
676 1516
677 962
678 1281
679 1497
679 1676
680 1667
681 1288
681 1085
682 986
682 1268
682 1980
682 1921
682 703
682 757
683 1248
683 1853
683 1798
683 1900
683 708
684 1798
684 828
684 1504
684 1576
685 784
686 739
686 1407
687 1297
687 1687
687 1485
688 1498
689 1577
689 1036
689 971
689 1119
690 938
690 1254
690 1142
690 883
691 1426
691 718
691 1795
691 1231
693 1402
693 1160
693 1092
694 1869
694 1545
695 1482
696 772
696 1474
696 1175
697 1647
697 1204
697 1745
697 728
698 1034
698 1689
698 1447
699 1302
699 1186
699 1073
701 1075
701 1813
701 859
701 1434
701 1936
701 821
702 1820
704 795
705 791
706 1011
706 1704
707 1951
707 1806
707 1213
708 1274
708 1631
708 1709
709 824
709 822
709 1454
710 1338
710 1092
714 793
714 907
715 1798
715 1032
715 1277
716 1862
716 1532
717 1656
718 1834
719 1194
719 817
719 757
719 1431
720 1158
721 1359
722 1113
724 1649
724 1443
724 1690
724 1257
725 1033
725 1737
725 1846
726 1370
727 1630
727 904
728 1959
728 914
729 858
729 1091
730 895
730 1184
731 1385
731 1359
732 1538
733 1989
733 1356
734 1445
735 1987
737 1839
737 1355
739 1692
739 849
740 1112
741 975
741 1502
741 1994
742 1587
742 1767
742 1420
742 1490
742 1095
743 1572
744 907
744 1138
745 1509
746 1924
746 1080
746 1613
747 830
747 1652
748 1234
748 1762
748 826
749 783
750 1435
751 1596
752 786
753 1659
754 1961
754 775
755 1872
755 1209
756 1781
756 1303
756 1038
756 933
756 1710
757 1361
757 1309
757 1324
757 1915
757 1047
758 1486
759 949
760 1171
760 1576
761 1139
761 1889
761 969
762 783
762 1621
762 1063
763 1047
764 1909
764 868
764 900
765 1980
765 1994
765 1377
766 1659
767 1907
767 1335
768 1667
768 1990
768 806
768 1279
769 1499
769 1899
769 1216
769 1498
770 1125
772 1758
772 1377
772 1685
773 1268
774 799
775 1550
775 1927
775 1398
776 1856
777 1089
777 1504
777 1827
777 1103
777 1004
777 1822
778 1886
778 1495
779 1923
780 991
781 1716
783 1060
783 1201
783 1628
783 1209
783 1465
784 1645
784 1291
784 1371
784 1802
784 1184
785 968
786 1756
786 1728
787 887
788 1538
788 1345
788 1336
790 1363
791 859
791 824
792 1497
792 794
792 1000
792 1213
792 1039
793 919
795 1240
795 1235
796 1507
798 1129
800 1001
800 1504
800 1848
801 1476
801 1645
802 965
803 1648
803 1976
803 1127
804 1897
804 1256
806 1351
806 1245
806 1447
806 1882
806 1923
807 871
808 1332
808 1409
810 1030
811 1898
812 1575
813 1056
814 1681
814 1737
814 866
815 856
816 1860
816 1008
817 1612
818 922
818 1852
819 1034
819 1318
819 1891
819 1922
819 1789
819 1359
820 1639
820 1221
820 939
820 1219
823 1625
823 864
825 1915
825 976
826 1973
826 1864
827 1276
827 1050
827 1641
828 981
828 1325
828 1545
828 1168
828 1773
829 1923
832 1351
832 1578
832 1810
832 1289
833 1263
834 931
835 1248
836 1396
836 882
836 1527
837 1755
838 1526
838 1615
839 1654
839 1325
839 1808
839 1811
839 1555
840 1631
842 1502
844 1366
844 1381
844 1727
845 1369
847 968
848 1873
848 1217
849 1146
849 1599
850 1188
852 1053
852 1452
852 1778
852 1156
854 1862
854 1616
855 1010
855 1688
856 1050
857 1204
857 1718
857 1345
857 1248
857 1108
857 1676
858 1326
859 1658
860 1406
861 1846
861 1630
862 1158
865 1570
865 1767
866 1077
867 1769
867 1301
868 1550
868 922
868 1962
869 1293
870 1719
870 1985
871 1325
873 890
874 1186
875 1465
876 1573
877 1745
877 1544
878 1348
878 1737
879 1335
879 1148
879 1549
880 1973
880 1478
880 1102
880 1641
881 1239
882 1121
882 1654
882 1396
882 1489
882 1091
882 1113
882 1799
883 1531
883 1123
884 1426
884 1981
884 1176
886 1139
886 1944
886 1835
887 1823
887 928
888 1287
889 1724
889 1227
890 903
890 1863
891 1139
891 1034
891 1389
891 1718
891 1524
891 1124
892 1994
893 1654
893 1043
893 1192
893 1973
895 1907
895 1486
896 1497
896 1050
897 1250
897 986
898 1601
898 1294
899 1643
901 1758
902 1491
903 1163
903 1657
903 1106
903 1968
904 1089
904 1118
905 1716
906 1717
906 1861
907 1234
907 1190
908 918
909 1504
911 1049
911 1296
911 1119
911 1129
912 1207
913 1611
914 1950
914 1499
915 1278
915 1269
917 1300
918 1651
920 1659
920 1033
921 1483
923 1205
924 936
925 1913
926 1055
929 1954
929 1366
930 1018
930 1031
931 1487
932 1622
934 1784
934 1110
934 1107
935 1728
935 1017
937 1597
938 1649
938 1128
938 1199
940 1700
941 1616
941 1974
943 1621
943 1204
944 1426
944 1277
944 1852
944 1502
944 1603
945 1836
945 1644
945 1968
946 1415
947 1081
947 1435
947 1091
948 1670
949 1383
949 1705
949 1455
950 1263
950 1147
951 1445
951 1830
953 1495
953 1207
953 1608
956 1695
956 1310
956 1391
957 1097
957 1274
958 1049
959 1249
959 1931
959 1772
959 1225
960 1759
961 1969
962 1882
962 1954
962 1566
962 1005
962 1193
963 1328
963 1339
965 1592
965 1188
966 1034
967 1903
967 1135
967 1640
968 1444
968 1204
968 1954
970 1389
970 1094
970 1168
971 1013
972 1771
972 1860
974 1122
974 1690
975 1323
975 1291
975 1865
975 1745
976 1269
977 1585
977 1347
980 1325
981 1571
981 1501
981 1706
982 1736
982 1503
983 1503
984 1307
984 1203
984 1238
985 1831
986 1951
986 1068
986 1536
988 1451
988 1041
988 1439
989 1135
990 1164
991 1856
992 1135
992 1601
992 1380
993 1289
995 1158
996 1627
997 1358
998 1571
999 1197
999 1539
1000 1881
1002 1419
1002 1960
1003 1809
1005 1928
1005 1349
1006 1785
1006 1600
1008 1161
1008 1555
1009 1017
1010 1481
1010 1796
1014 1160
1015 1049
1016 1468
1018 1951
1018 1604
1021 1649
1021 1732
1023 1762
1023 1914
1024 1807
1025 1046
1026 1071
1027 1116
1028 1441
1028 1990
1029 1763
1031 1809
1031 1850
1033 1582
1033 1264
1033 1437
1034 1402
1035 1476
1036 1674
1037 1647
1038 1381
1038 1990
1039 1632
1040 1512
1040 1563
1042 1784
1042 1529
1042 1689
1044 1800
1045 1567
1046 1234
1046 1946
1046 1530
1046 1512
1046 1709
1047 1060
1048 1154
1048 1665
1048 1559
1049 1594
1050 1628
1050 1637
1050 1074
1050 1716
1051 1376
1051 1947
1051 1074
1051 1650
1052 1476
1053 1956
1054 1770
1054 1549
1054 1715
1055 1285
1056 1664
1056 1692
1056 1092
1056 1424
1056 1390
1056 1076
1057 1188
1060 1875
1061 1509
1062 1275
1062 1311
1063 1609
1063 1937
1064 1759
1065 1908
1066 1325
1066 1753
1067 1729
1069 1294
1071 1587
1072 1434
1072 1440
1072 1545
1072 1855
1073 1445
1074 1112
1074 1175
1074 1907
1074 1721
1074 1312
1075 1469
1075 1385
1075 1988
1075 1747
1075 1692
1078 1827
1078 1345
1079 1572
1079 1801
1080 1209
1081 1461
1081 1963
1082 1123
1082 1538
1083 1612
1084 1954
1084 1812
1085 1345
1089 1649
1089 1965
1090 1192
1091 1960
1091 1093
1091 1821
1092 1548
1093 1616
1093 1368
1093 1163
1093 1689
1094 1606
1096 1969
1096 1534
1097 1729
1100 1949
1100 1186
1101 1830
1103 1108
1103 1237
1103 1597
1107 1633
1108 1941
1108 1575
1109 1420
1109 1808
1110 1608
1111 1972
1112 1964
1113 1957
1114 1718
1115 1177
1116 1577
1117 1461
1117 1615
1118 1216
1118 1954
1118 1330
1119 1426
1120 1234
1121 1438
1121 1194
1121 1993
1122 1485
1123 1800
1123 1346
1123 1311
1124 1655
1124 1894
1125 1831
1125 1545
1128 1275
1131 1139
1133 1643
1133 1847
1135 1304
1136 1496
1136 1906
1138 1688
1139 1561
1139 1603
1139 1563
1141 1654
1141 1914
1141 1553
1143 1973
1144 1577
1144 1162
1145 1617
1148 1194
1148 1644
1150 1503
1150 1816
1151 1337
1151 1619
1151 1383
1152 1474
1154 1837
1154 1525
1154 1907
1154 1225
1156 1822
1157 1406
1157 1995
1158 1828
1158 1378
1159 1804
1160 1398
1160 1593
1161 1754
1162 1325
1162 1446
1162 1752
1163 1649
1165 1467
1166 1187
1166 1720
1168 1222
1169 1495
1169 1737
1170 1657
1170 1446
1172 1926
1173 1813
1174 1750
1178 1859
1181 1732
1182 1375
1182 1968
1183 1571
1184 1930
1185 1946
1185 1405
1186 1729
1186 1620
1186 1477
1188 1672
1188 1770
1188 1242
1190 1730
1191 1826
1191 1222
1192 1196
1192 1595
1192 1204
1192 1914
1194 1383
1195 1907
1195 1421
1197 1920
1198 1889
1198 1745
1200 1995
1201 1571
1202 1758
1203 1438
1204 1990
1204 1207
1204 1720
1206 1584
1207 1380
1207 1507
1207 1338
1208 1707
1209 1430
1209 1858
1210 1351
1210 1240
1210 1935
1211 1474
1212 1727
1213 1852
1214 1960
1215 1345
1216 1551
1217 1944
1220 1752
1222 1707
1223 1547
1223 1762
1224 1278
1225 1612
1226 1955
1228 1248
1228 1958
1229 1808
1230 1584
1230 1565
1230 1839
1232 1279
1234 1246
1235 1756
1235 1914
1236 1870
1236 1412
1237 1748
1238 1667
1241 1273
1242 1472
1243 1365
1244 1864
1246 1560
1246 1476
1246 1658
1246 1425
1248 1481
1248 1694
1248 1692
1251 1606
1251 1805
1251 1706
1253 1330
1253 1818
1255 1988
1255 1509
1257 1293
1257 1561
1257 1854
1258 1677
1259 1719
1259 1976
1260 1950
1260 1323
1260 1749
1261 1481
1261 1647
1261 1882
1263 1932
1263 1367
1264 1994
1264 1514
1266 1278
1266 1904
1266 1843
1266 1343
1266 1291
1268 1833
1268 1381
1269 1761
1269 1977
1269 1746
1269 1896
1271 1485
1273 1822
1274 1749
1274 1642
1275 1628
1275 1982
1276 1469
1276 1786
1276 1926
1278 1433
1278 1759
1278 1816
1282 1728
1283 1552
1284 1645
1286 1664
1290 1583
1291 1993
1292 1646
1292 1418
1295 1839
1295 1485
1297 1398
1298 1639
1298 1577
1298 1915
1299 1959
1301 1725
1304 1844
1306 1632
1307 1893
1308 1467
1308 1579
1311 1750
1312 1809
1313 1631
1313 1669
1315 1368
1315 1438
1316 1441
1317 1751
1318 1519
1319 1987
1320 1921
1320 1716
1321 1342
1321 1684
1321 1878
1322 1470
1323 1401
1324 1333
1325 1770
1325 1643
1327 1410
1328 1830
1329 1747
1332 1649
1333 1796
1333 1645
1334 1996
1337 1986
1339 1561
1340 1770
1340 1938
1344 1559
1344 1982
1345 1758
1346 1505
1347 1873
1347 1963
1348 1582
1350 1798
1351 1862
1351 1648
1351 1909
1353 1864
1353 1355
1356 1556
1357 1786
1359 1945
1359 1408
1359 1840
1360 1813
1361 1815
1362 1761
1363 1546
1364 1497
1365 1372
1367 1409
1368 1639
1368 1701
1369 1448
1371 1826
1373 1716
1373 1764
1374 1648
1375 1564
1375 1761
1376 1504
1376 1584
1379 1768
1379 1925
1381 1577
1381 1915
1381 1672
1383 1849
1385 1770
1385 1738
1386 1638
1387 1649
1388 1488
1389 1471
1390 1491
1391 1443
1391 1839
1392 1658
1394 1440
1396 1990
1396 1406
1397 1453
1399 1809
1400 1712
1400 1648
1403 1906
1404 1997
1407 1953
1411 1654
1415 1901
1416 1497
1416 1631
1419 1481
1419 1615
1420 1668
1420 1710
1424 1651
1424 1884
1426 1633
1427 1844
1431 1780
1432 1767
1434 1993
1434 1766
1436 1674
1439 1656
1441 1603
1442 1975
1442 1858
1443 1850
1445 1752
1446 1824
1448 1786
1448 1596
1448 1967
1448 1586
1449 1661
1450 1675
1453 1643
1454 1649
1457 1625
1459 1821
1460 1474
1461 1716
1461 1481
1462 1598
1463 1465
1464 1950
1465 1933
1466 1476
1469 1524
1469 1574
1469 1949
1473 1786
1473 1877
1474 1822
1475 1623
1477 1926
1479 1868
1479 1510
1481 1911
1482 1645
1483 1798
1485 1816
1487 1945
1487 1671
1488 1676
1488 1563
1490 1959
1490 1912
1490 1771
1491 1625
1493 1758
1494 1647
1495 1716
1495 1893
1495 1909
1496 1654
1503 1841
1503 1626
1505 1991
1507 1813
1507 1984
1510 1693
1510 1542
1512 1547
1514 1946
1515 1644
1517 1770
1519 1997
1520 1755
1520 1662
1522 1607
1523 1605
1528 1989
1532 1603
1532 1869
1533 1702
1534 1963
1536 1949
1541 1965
1545 1945
1546 1884
1547 1656
1550 1893
1554 1916
1561 1751
1561 1845
1562 1664
1567 1775
1568 1691
1569 1806
1571 1985
1574 1776
1575 1922
1575 1667
1577 1756
1580 1660
1581 1587
1581 1582
1583 1786
1584 1868
1585 1862
1586 1989
1586 1593
1587 1951
1588 1705
1589 1787
1590 1853
1599 1610
1601 1880
1604 1735
1604 1739
1606 1835
1608 1664
1611 1661
1617 1942
1621 1814
1629 1757
1633 1774
1633 1737
1634 1882
1635 1825
1638 1710
1639 1716
1642 1697
1643 1957
1643 1702
1643 1658
1644 1747
1644 1925
1645 1846
1646 1728
1649 1661
1649 1650
1650 1657
1650 1713
1655 1668
1656 1698
1658 1719
1659 1770
1662 1715
1662 1697
1667 1694
1670 1843
1678 1908
1679 1740
1680 1964
1682 1888
1689 1917
1692 1725
1693 1734
1693 1779
1694 2000
1694 1907
1697 1990
1700 1935
1700 1973
1703 1723
1710 1830
1715 1906
1716 1951
1720 1928
1721 1778
1722 1826
1725 1741
1725 1787
1733 1918
1736 1929
1737 1991
1740 1993
1742 1786
1744 1988
1747 1942
1751 1755
1757 1855
1760 1995
1767 1907
1767 1905
1768 1797
1771 1821
1775 1963
1776 1871
1778 1914
1780 1932
1797 1999
1799 1965
1804 1811
1804 1887
1805 1872
1808 1992
1809 1952
1815 1821
1820 1973
1822 1966
1824 1932
1826 1999
1827 1846
1833 1930
1838 1984
1847 1848
1852 1892
1852 1890
1852 1950
1861 1969
1862 1950
1864 1997
1865 1944
1878 1960
1895 1962
1898 1973
1899 1963
1907 1990
1910 1969
1934 1948
1945 1997
1954 1987
1960 1973
1960 1989
1963 1982
1963 1999
