1000 1497
1 150
2 186
2 703
3 847
4 608
4 869
4 578
4 468
4 435
5 466
5 682
5 285
5 196
6 328
6 798
6 168
6 384
7 193
7 401
7 775
8 382
9 977
9 349
10 455
10 228
10 746
11 619
12 238
13 588
14 177
14 166
14 984
14 448
14 859
14 443
14 764
14 553
15 319
15 353
16 576
16 297
17 295
17 346
18 317
18 197
18 311
18 485
18 167
18 509
18 344
19 329
19 936
19 316
20 173
20 128
20 998
21 976
21 137
21 914
21 517
21 849
21 273
22 948
22 662
23 407
23 481
23 580
24 172
24 614
24 813
24 238
24 772
24 104
24 291
24 913
25 736
25 332
25 613
26 593
27 679
27 49
27 901
27 631
27 470
28 663
28 275
28 251
28 708
28 952
28 370
28 321
29 43
29 914
29 508
29 652
30 281
31 706
31 201
31 418
31 199
32 751
33 45
34 422
34 929
35 770
35 346
36 796
36 136
36 479
36 432
36 670
36 932
37 113
37 896
37 121
38 246
38 234
38 256
39 638
39 156
40 963
40 475
40 632
41 752
41 522
41 554
42 977
43 476
43 837
43 936
43 923
44 606
44 168
44 276
44 209
44 746
44 798
45 736
45 97
46 713
46 929
46 386
46 541
46 196
46 901
46 357
47 139
47 386
47 238
47 829
47 316
47 698
48 633
48 936
48 792
48 848
48 784
50 736
51 970
52 287
53 726
53 131
53 997
53 556
53 929
54 307
54 937
55 286
55 67
55 673
55 109
56 622
56 925
57 265
57 190
58 292
58 923
58 827
59 304
59 541
59 491
59 926
59 272
59 102
60 307
60 914
61 530
61 905
61 158
62 900
63 448
63 791
63 197
64 939
64 334
64 708
64 886
64 349
65 268
65 951
65 133
65 930
66 88
66 702
68 970
68 79
68 632
69 374
69 597
69 678
69 238
69 83
69 418
69 644
70 448
70 356
70 882
71 172
71 137
71 314
72 768
72 933
72 119
72 983
72 877
72 688
73 634
74 990
74 720
75 901
75 718
76 576
77 970
77 550
77 539
78 585
78 348
79 336
79 154
79 479
80 575
81 360
82 663
82 821
82 491
82 991
83 328
83 924
83 714
84 511
85 235
86 109
86 562
86 250
86 820
86 998
87 340
87 515
87 976
87 206
87 345
87 382
87 369
88 584
89 448
89 704
89 354
89 652
90 129
90 894
91 259
91 847
92 710
92 531
92 992
93 303
94 777
94 751
95 674
95 864
96 587
96 127
96 502
97 848
98 970
99 358
99 221
99 968
99 336
99 339
100 436
101 874
101 115
101 679
101 661
102 545
102 608
103 586
103 625
103 288
104 494
104 341
104 265
104 107
104 648
105 891
106 418
106 165
106 215
106 810
106 550
106 993
107 407
107 564
107 664
107 480
108 111
108 420
108 368
108 556
109 648
109 571
110 750
111 448
111 552
111 527
111 487
112 877
112 528
112 263
113 877
113 256
113 582
114 166
115 515
115 936
115 317
115 876
116 996
117 740
117 261
117 462
118 269
119 563
119 702
120 172
120 526
120 614
121 272
122 239
122 593
122 220
122 291
123 439
123 290
124 659
125 809
125 580
125 531
125 613
125 797
126 880
126 258
126 666
127 549
128 392
128 853
129 355
129 816
129 171
129 756
129 414
130 772
130 767
130 280
132 464
133 287
133 692
133 599
133 361
133 607
133 337
134 500
135 434
135 393
135 435
135 406
137 993
137 813
137 386
137 570
137 450
137 256
137 882
138 755
138 206
138 323
138 322
138 828
139 508
139 922
139 331
139 868
139 976
139 229
139 768
139 880
139 446
139 794
140 232
140 209
141 904
141 269
142 836
143 298
144 506
145 661
146 241
146 420
147 980
147 748
147 912
148 585
148 180
149 860
149 403
150 187
151 895
151 847
151 813
151 498
151 952
152 468
152 526
153 197
153 935
153 575
154 599
154 541
154 995
154 575
155 283
155 645
155 689
156 773
156 864
157 769
157 307
158 622
158 663
158 544
158 346
158 526
158 246
158 927
159 498
160 973
161 188
161 627
162 452
162 585
163 353
163 547
163 739
163 725
163 933
164 418
165 379
165 359
165 483
166 223
166 246
166 849
166 832
166 949
166 488
167 550
167 400
167 809
168 466
168 813
168 936
168 976
168 897
168 263
168 289
168 929
168 894
168 951
169 811
170 888
170 386
170 274
170 917
170 709
170 355
170 387
172 913
172 734
172 857
172 955
172 212
173 963
173 918
173 637
174 791
174 495
175 796
175 743
176 564
177 374
177 634
177 355
177 772
177 648
177 218
177 871
177 335
178 558
179 310
180 981
180 239
180 666
181 547
182 734
183 802
183 393
184 557
184 864
185 499
185 850
186 494
186 252
186 598
186 839
187 809
187 901
187 259
187 397
188 294
188 762
188 753
188 997
189 374
189 978
189 566
191 327
192 631
192 990
192 919
192 430
192 899
192 265
193 941
194 469
194 627
195 551
195 545
195 792
195 979
195 988
196 266
196 635
196 797
196 219
196 529
197 663
197 916
197 598
197 706
198 682
198 596
199 816
200 459
200 982
200 951
202 277
203 522
204 442
204 271
204 847
205 472
205 838
205 592
206 974
207 675
208 846
208 519
209 382
209 343
209 283
209 431
210 580
210 256
211 802
212 758
213 867
214 404
214 652
215 750
215 244
216 312
216 800
216 689
217 516
218 670
219 733
220 467
220 779
221 371
221 969
222 893
223 353
223 292
223 770
223 399
223 906
224 580
224 706
225 839
225 686
225 250
225 799
226 859
226 756
226 373
227 352
227 229
227 422
227 821
228 315
228 276
228 566
228 874
228 867
229 298
230 353
231 489
231 876
231 462
231 321
231 288
232 250
232 890
232 831
232 633
232 930
232 590
233 374
233 941
233 758
233 769
233 589
234 369
235 721
236 828
237 303
238 751
238 584
238 299
239 953
239 914
240 552
240 425
240 753
240 497
241 622
241 620
241 948
241 651
242 728
242 886
243 412
243 652
245 851
245 656
245 804
246 895
246 839
246 458
247 798
247 999
247 853
247 406
248 323
249 408
250 404
250 460
250 726
250 836
251 596
251 854
251 618
251 725
253 849
253 736
253 543
254 589
255 851
257 638
257 842
257 359
257 426
258 842
258 663
258 935
258 948
259 646
259 640
259 513
259 813
260 374
260 631
260 312
260 909
260 291
260 980
260 860
260 557
261 716
262 347
263 540
264 807
265 991
265 795
267 640
267 937
267 410
268 662
268 752
269 883
269 312
269 278
270 408
271 540
271 842
271 644
271 550
272 918
272 332
272 419
272 344
273 931
273 416
273 898
274 724
274 692
274 851
275 506
275 604
276 666
277 364
278 798
278 340
279 659
279 746
281 893
282 491
283 751
284 984
285 499
285 432
286 811
286 530
287 355
287 496
288 413
289 560
289 674
289 313
289 536
289 670
289 354
289 835
289 472
291 305
292 585
292 690
292 570
293 932
293 480
294 459
294 538
295 304
296 726
297 518
298 852
298 897
299 832
300 347
301 455
301 575
302 840
302 778
302 882
303 410
303 819
304 811
304 409
304 809
304 551
304 426
304 926
304 507
304 346
305 968
306 544
307 388
307 799
307 747
308 859
309 355
309 418
310 754
310 856
311 711
311 387
311 369
312 405
312 826
312 734
312 938
313 377
313 544
313 785
314 508
314 434
314 963
315 706
315 996
316 503
316 751
317 459
317 404
317 685
317 933
317 465
318 922
318 884
318 779
319 813
320 472
321 484
322 973
322 782
323 890
323 837
323 991
324 860
325 678
326 850
327 552
327 566
328 860
329 426
329 614
330 342
332 598
333 765
334 829
335 744
335 853
336 907
336 675
336 520
337 991
337 600
338 457
338 525
339 909
339 830
340 796
340 745
341 774
341 951
341 690
342 909
342 428
342 422
342 574
343 976
343 743
345 952
346 857
346 863
347 564
347 993
348 616
348 646
350 502
351 394
352 374
352 570
353 991
353 455
353 662
353 671
354 549
354 560
355 673
357 439
357 774
357 865
357 534
357 370
358 631
358 663
358 762
358 727
359 382
360 869
360 546
360 781
361 647
361 928
362 704
362 609
362 842
362 530
363 664
364 662
364 587
365 653
366 854
366 675
367 459
368 696
368 417
368 484
368 974
372 984
372 913
372 970
372 498
373 780
374 777
374 482
374 576
374 442
375 991
376 857
376 723
377 962
377 635
378 934
380 633
381 746
382 898
382 834
383 952
384 489
385 762
385 741
387 684
387 703
387 712
388 709
388 825
388 897
389 415
390 678
390 802
390 761
391 754
393 544
393 955
394 483
394 742
394 429
395 813
395 556
396 856
397 511
397 708
397 403
398 410
398 844
399 598
400 987
401 789
401 935
401 752
402 430
402 685
407 758
407 577
407 635
408 409
408 418
408 608
408 602
408 423
408 783
408 494
408 873
408 954
408 663
408 771
408 616
408 985
409 888
409 939
409 829
410 663
410 573
411 478
412 708
412 585
414 780
415 695
418 755
418 801
419 888
420 506
420 867
420 787
420 936
420 988
421 581
422 525
424 667
424 538
425 644
426 858
426 987
427 695
430 854
430 444
431 869
431 902
432 995
433 465
433 897
434 476
434 672
434 772
436 877
436 771
436 775
437 789
437 956
438 618
439 483
440 742
440 681
441 560
443 542
443 966
444 749
445 641
446 990
446 527
447 811
448 466
448 533
448 687
449 539
449 533
450 685
450 722
450 747
451 543
452 819
452 959
452 703
452 931
453 459
453 820
454 822
454 581
454 575
455 563
456 717
457 466
457 828
457 546
458 789
459 758
459 891
459 615
460 551
460 943
460 663
460 662
460 511
461 638
461 967
462 675
463 913
463 885
464 731
464 766
465 556
466 622
466 626
466 728
468 687
468 560
469 661
469 607
470 543
470 732
470 962
471 600
472 505
473 657
474 793
476 478
477 524
477 814
477 510
483 506
483 806
483 894
483 673
484 822
485 910
486 856
488 875
489 634
490 860
490 598
490 634
491 685
492 512
492 827
493 984
493 937
494 779
494 996
494 763
495 568
496 706
497 520
498 917
499 896
500 726
500 880
500 525
500 579
500 839
501 826
501 793
502 932
502 911
502 598
503 948
504 511
505 843
505 807
507 921
508 944
508 661
508 858
510 863
511 663
511 995
511 628
512 704
514 960
516 863
516 532
517 608
517 965
517 614
517 521
521 873
522 685
522 879
523 730
523 598
524 755
526 741
526 779
526 934
528 752
529 893
529 709
529 561
531 916
531 585
533 700
533 927
533 936
533 896
533 766
533 718
534 579
535 680
535 612
536 933
537 751
538 894
538 795
539 575
540 728
541 965
541 842
541 922
541 596
541 803
542 892
542 798
543 636
544 898
546 776
546 663
547 667
548 842
548 741
549 708
550 892
550 936
550 637
550 977
552 727
552 956
553 786
555 744
556 596
558 802
558 785
559 812
559 906
559 861
560 897
560 754
561 714
562 741
564 989
565 944
566 711
566 836
566 635
567 762
568 952
569 940
569 866
569 713
570 993
572 847
572 610
572 598
573 971
573 934
575 789
575 950
577 744
577 790
577 849
579 987
579 814
580 920
580 775
583 678
585 915
585 604
586 944
588 841
588 765
588 688
588 987
591 659
594 711
594 878
595 843
596 667
597 856
597 840
597 835
598 909
601 662
602 752
602 960
603 883
604 934
605 892
606 767
606 719
607 684
608 726
608 976
611 911
616 723
617 703
618 970
619 751
619 757
619 950
620 852
621 848
622 773
623 708
624 772
626 945
626 817
627 716
627 805
628 797
628 794
629 788
630 658
631 977
631 730
631 862
631 856
632 679
634 695
635 656
636 917
637 975
638 945
638 930
639 898
639 747
639 916
641 661
641 717
641 705
642 836
643 746
643 957
647 820
649 839
650 952
651 709
653 891
653 663
653 853
653 749
654 806
654 662
655 803
655 887
657 894
657 848
658 788
659 798
660 700
661 824
662 918
663 740
663 877
663 813
663 762
663 937
663 720
663 827
664 854
665 722
668 802
669 706
670 773
671 984
671 781
671 917
675 708
675 689
675 716
676 913
676 872
677 733
678 815
679 718
679 831
680 941
680 789
681 926
682 703
683 704
683 823
683 974
687 756
689 762
690 780
691 979
692 800
693 803
694 769
694 942
696 781
697 706
698 783
699 752
701 996
702 880
703 766
703 822
704 930
706 900
707 847
708 955
708 737
710 939
712 820
713 758
713 900
713 727
714 944
715 815
719 899
721 939
724 809
725 947
725 845
726 903
729 977
729 792
730 946
731 809
731 882
733 977
734 914
734 756
734 824
735 743
736 917
738 888
738 796
740 932
743 755
744 928
745 858
747 946
750 931
751 991
751 808
753 754
759 896
759 798
760 929
761 985
762 862
762 818
764 883
767 863
768 904
771 817
772 898
773 855
775 956
777 950
780 796
782 863
783 833
783 983
784 955
786 793
788 888
793 797
803 891
805 909
806 938
811 941
811 851
812 932
813 899
818 945
819 908
822 895
831 986
833 874
836 879
837 992
841 995
843 869
843 981
846 978
855 893
864 948
864 914
870 987
874 940
875 894
875 952
881 930
882 942
889 980
890 1000
893 932
896 958
896 996
900 965
901 964
904 984
906 981
909 944
909 950
916 954
922 972
923 994
935 981
939 998
961 982
973 984
984 987
986 998
