2500 3697
1 1067
1 1930
1 2433
1 2241
1 1257
1 173
1 2385
1 1147
2 637
2 1071
3 1050
3 676
3 129
3 33
3 2013
4 1175
5 1563
6 1938
7 12
7 998
7 861
7 1509
8 168
8 1479
9 472
9 2052
10 2253
11 1041
11 237
12 1241
12 1609
12 2169
12 1811
12 767
12 963
13 1190
13 1309
13 480
14 1935
14 340
14 958
15 877
15 1747
16 1496
16 673
17 1951
17 403
17 1430
18 823
18 1969
19 1598
19 166
20 272
20 2451
20 1665
20 1679
20 1004
21 2476
22 1530
22 1214
23 387
23 1138
23 439
24 1379
25 810
25 1712
25 1109
25 515
25 1289
25 265
25 1912
25 1821
26 92
27 1752
28 2390
28 2345
28 79
29 1915
29 599
30 978
30 1563
31 294
31 1923
31 2213
32 2044
32 1263
32 439
32 1850
33 2030
34 2177
34 1330
34 1174
35 1390
35 1913
35 2171
36 523
37 2178
37 1019
37 1983
37 2382
37 2447
37 155
37 1733
38 1922
38 1955
38 847
38 1024
38 80
38 840
38 1212
38 1721
38 2173
39 767
40 1595
41 309
41 2130
41 1118
41 450
41 2086
41 490
42 2318
43 578
43 106
44 365
44 2056
45 1386
45 1387
46 183
46 1853
46 1258
46 2133
46 1115
47 241
48 2479
48 1190
49 252
49 513
49 1138
49 600
49 2252
49 1098
50 666
51 2031
52 2203
53 2006
53 1527
53 1911
54 1172
55 314
55 1421
55 1149
55 2223
55 2340
56 647
56 1350
56 374
56 414
56 979
56 862
56 680
56 229
56 1113
56 162
57 1410
57 1379
58 2382
58 2325
58 67
58 2286
58 2185
58 1018
59 278
59 1844
59 572
59 905
60 2489
60 2197
60 2117
60 1689
61 1380
62 2266
62 869
63 1221
64 2208
65 1797
65 1787
65 143
65 983
65 1187
66 309
67 1122
68 935
68 1798
69 252
69 2047
70 1396
70 206
71 1551
71 1911
71 1863
71 1260
72 481
73 1226
73 1267
73 1242
73 1437
74 1668
75 867
75 1358
75 768
76 2068
76 188
77 1180
77 1760
78 263
78 897
78 1543
79 716
79 139
79 285
79 1575
79 364
80 491
80 581
80 2352
81 1161
82 220
83 1763
83 615
84 2177
85 1786
85 1264
86 487
86 868
87 976
87 966
88 559
89 2343
89 285
89 1348
89 759
89 1446
89 688
89 696
90 672
91 2080
91 1024
91 333
91 1436
92 1955
92 158
92 1113
92 1389
93 1246
94 2499
94 2194
94 1697
95 1695
95 1736
95 272
96 1850
96 2451
97 1176
98 703
99 1387
99 1577
99 2366
100 2343
100 134
100 2147
100 2261
100 365
100 388
100 114
101 1386
101 1523
102 793
102 1258
102 2039
102 703
102 1991
102 1009
103 986
103 1859
103 1735
103 583
104 285
105 1068
105 675
105 334
105 302
105 1448
105 1911
107 1027
108 260
108 292
108 134
108 763
109 2310
109 730
110 1755
110 921
111 157
111 1458
112 822
113 2325
113 1683
113 727
113 255
113 2415
114 2096
114 398
114 2412
115 1645
115 1984
115 760
115 734
115 1843
116 1784
116 1031
116 1264
116 887
116 1872
116 1790
116 360
117 2074
117 779
117 1220
118 472
118 1786
118 1056
118 1704
118 1604
119 557
120 1965
120 1554
120 186
120 2432
120 1328
121 2111
121 160
121 1241
122 1667
122 1399
123 259
123 1232
123 1593
124 247
125 827
125 1970
125 1378
125 283
126 1472
126 637
126 913
126 834
126 671
127 143
127 2344
127 2178
127 176
128 864
128 477
129 2237
129 430
129 1514
130 1387
130 989
130 1795
130 136
130 1463
130 615
130 1309
131 1410
131 2105
132 1345
132 652
133 156
133 1068
134 927
134 370
134 1263
134 1675
135 1717
135 2027
135 2481
135 825
136 1957
136 1473
136 1693
136 870
136 1438
136 840
136 634
136 552
136 2128
137 1922
137 1460
137 2183
137 764
137 1108
138 2343
138 2419
138 2222
138 2008
140 2085
140 797
141 1995
142 219
142 691
142 430
142 1811
143 1432
143 1074
143 1898
143 1396
143 1242
143 2035
143 1106
143 1595
144 2319
145 1196
145 497
146 1054
146 188
146 1857
146 1261
146 1969
147 1424
147 1849
148 1514
148 700
148 692
148 678
148 244
148 532
148 543
149 2159
149 2127
149 155
150 328
150 2435
150 1588
151 259
151 649
151 214
151 2249
152 291
152 1921
152 624
152 627
153 2443
153 2472
153 275
153 673
153 1342
153 2341
153 1890
154 1501
154 905
154 1332
154 2241
154 193
154 183
155 743
156 1191
156 2304
156 1406
156 1533
156 2055
156 206
156 714
157 1516
157 2232
158 1484
159 256
159 826
160 950
161 1688
161 1339
162 490
162 889
162 2036
162 1144
162 1536
162 449
163 2105
163 1235
164 1095
164 1800
165 1385
165 1439
165 581
166 2040
167 1162
168 2434
168 2272
168 2297
168 316
169 1943
169 281
169 2228
170 423
171 1021
172 644
173 529
174 1314
175 1499
175 1684
175 1100
175 2414
176 1682
177 1927
177 1488
177 1920
178 1481
179 496
179 1306
180 1066
181 2144
182 2044
182 1659
182 1603
183 1227
183 1282
183 2273
184 350
184 2053
184 1697
184 1265
184 592
185 2338
185 2230
185 2180
185 2003
185 1882
186 1837
187 1635
188 1805
188 2046
189 863
189 1294
189 1102
189 875
189 331
189 361
190 1867
190 613
190 2089
190 2185
190 1975
191 347
191 1315
191 2360
192 2037
192 1241
193 1935
193 1143
193 1802
193 601
193 2189
193 634
193 608
193 2142
193 1869
194 1241
194 2107
194 845
194 2264
194 1160
194 2499
194 1114
194 1506
194 949
195 1381
195 755
195 1317
195 264
195 1429
196 1426
196 1213
196 1330
197 1685
198 1993
198 1027
198 2281
199 2217
200 1609
200 1973
201 1204
201 889
202 1076
202 1249
203 1778
203 2410
204 1276
204 1010
205 1488
205 321
205 2080
207 1072
207 1103
207 1876
208 730
208 244
209 1001
209 672
209 2489
209 1320
209 1614
209 1689
209 1149
209 944
210 1886
210 263
210 1366
211 1458
212 2420
212 2009
213 419
213 1019
214 901
214 1607
215 1528
215 1586
215 884
215 982
216 547
216 975
216 497
216 1377
216 1298
217 704
217 263
217 1908
217 352
217 1538
218 780
218 1125
218 2260
218 1961
218 1760
218 1196
219 1891
219 2389
220 340
220 968
221 2306
221 294
222 1559
222 947
222 1613
223 1678
223 1482
224 400
224 1477
225 1695
225 1290
225 2166
225 794
226 1047
226 459
226 2036
227 399
228 1038
229 1198
229 296
229 433
229 2165
229 407
229 1534
229 2125
229 1735
230 1457
230 2437
230 1601
231 848
231 283
231 266
231 1533
231 491
231 2315
231 284
231 1236
231 2305
231 1469
231 1822
232 1491
232 1136
233 282
234 1509
234 2043
234 2378
234 1259
235 491
236 1877
236 2278
236 417
236 889
236 347
237 1460
237 1493
237 1442
238 435
238 2314
238 254
239 2426
239 1755
240 321
240 620
241 2110
241 1161
241 1595
242 1737
243 1706
243 1228
244 1158
245 667
245 1197
245 1542
245 2025
245 1653
245 1188
246 2450
246 1317
247 2344
247 1495
247 332
247 966
248 296
248 2340
248 2240
249 2247
250 737
250 1517
250 1522
251 524
251 1721
252 2480
252 978
253 1994
253 1589
253 2438
253 484
254 424
254 1241
254 852
255 1688
255 491
255 2008
255 2161
256 2416
256 559
256 997
256 651
256 788
257 386
258 1053
259 1053
259 1671
259 336
259 1442
259 318
259 783
259 691
260 1066
260 1719
261 1980
262 970
263 1416
263 948
263 1033
263 1516
263 2033
263 353
264 1410
264 2393
265 1302
267 1857
268 1065
268 455
268 789
268 2403
269 1053
269 2495
269 1603
270 472
270 1019
270 825
270 1857
271 2214
271 1196
272 951
273 1422
274 2130
274 620
275 1675
275 866
276 2451
276 873
276 1572
277 994
277 618
277 723
278 1929
278 1268
279 1944
280 2019
280 840
281 1536
282 1320
282 1042
283 1715
283 583
283 926
284 2205
284 648
284 538
285 1483
285 1239
286 1035
286 1890
286 2348
286 769
286 1648
287 499
288 590
289 1452
289 2017
290 441
291 1502
291 1680
293 1193
294 599
294 1905
294 371
294 383
294 1211
294 2150
294 1119
294 1490
294 686
294 1274
294 1399
294 1684
294 1455
294 2345
295 806
295 785
296 1104
297 1093
297 685
297 594
297 793
297 1340
297 392
297 1178
298 1185
298 498
299 1220
300 1679
300 586
300 1013
300 651
301 1705
301 1495
301 619
301 1783
302 1390
302 1934
302 2204
302 1563
302 1643
302 2451
302 1941
302 575
303 1987
303 304
303 1149
303 369
303 2261
303 601
304 1941
305 919
305 1798
306 845
307 1545
308 1957
308 1600
309 2471
309 1158
309 1597
309 1728
309 1377
309 1054
310 1128
311 2010
311 346
311 2312
312 648
313 1088
314 1629
314 1460
314 623
314 591
315 907
316 1838
317 1701
317 668
318 2204
318 1948
319 1656
319 2304
320 1047
320 770
321 1894
321 429
321 1146
321 2109
322 500
323 2300
323 1471
323 977
323 1501
324 1380
324 1154
324 1425
324 906
325 744
325 862
325 548
325 2058
326 569
327 1655
327 344
327 780
327 332
327 1913
327 1808
328 1520
328 1563
328 1685
328 2377
328 1633
328 2017
328 938
329 2036
329 1870
330 2307
330 2354
330 1903
330 1312
331 1172
331 1574
333 377
333 1500
335 2306
335 495
336 1397
336 2026
336 664
337 350
337 609
337 556
337 1312
337 1117
338 580
338 1007
339 716
339 1250
340 368
340 626
341 817
341 1745
341 948
342 734
343 1444
343 879
344 792
345 1623
345 906
346 2277
346 2183
346 1283
346 566
347 1088
347 2347
348 2144
348 773
349 1545
349 1710
349 1618
349 682
349 948
349 872
350 2044
350 506
350 2096
350 1895
350 1858
351 864
351 407
351 2351
351 438
351 1611
352 667
352 434
352 658
352 1204
352 695
353 2006
354 1945
354 370
355 1097
355 571
356 1172
357 1951
357 2275
357 376
357 879
358 1621
358 1156
359 517
359 2336
359 536
359 735
360 2420
361 1097
361 1720
361 1480
362 1068
362 993
362 1138
362 925
362 2046
362 2342
362 2459
363 1100
363 1778
364 759
365 601
365 1775
365 1183
366 1891
366 2232
367 1186
367 2015
368 899
368 1745
368 1834
369 1589
369 530
369 1702
369 2325
369 2493
369 1026
369 2467
370 1211
370 1077
370 724
370 513
370 2035
370 1385
370 658
370 1630
371 1751
371 1424
371 1966
372 2458
373 2110
373 1160
374 2193
375 929
375 2101
375 588
375 2256
375 1344
376 1273
376 1588
377 1551
377 1291
378 1074
378 2057
378 1128
378 986
378 668
378 2073
379 964
380 1053
380 2355
380 1798
380 621
381 709
381 2281
381 1059
382 827
383 1421
383 2086
383 1679
383 1206
383 494
384 574
384 1323
384 2186
385 1898
385 982
385 999
386 1916
387 1421
388 1892
388 604
388 2238
389 2020
389 661
389 1361
389 948
389 1048
389 2098
389 401
390 1489
391 769
392 795
392 2181
393 1137
393 1417
394 1232
394 2336
395 1577
395 2071
395 950
396 1917
396 887
396 1945
397 2457
398 849
399 1872
400 2499
400 902
401 1934
401 1374
402 1686
402 1896
402 548
402 847
403 425
404 830
404 975
405 1024
405 524
405 2200
405 2063
405 1028
405 1923
406 2423
406 553
407 1717
407 1448
407 1760
407 1532
407 789
408 1886
408 1201
409 1688
409 1832
410 2139
410 926
410 2031
411 976
411 1387
411 1185
411 1187
412 1755
412 1149
413 2111
413 2391
414 2183
415 677
416 984
416 1178
418 547
418 1700
418 557
419 1793
420 1834
420 1278
421 2392
421 1798
421 1078
421 1715
422 647
422 2443
423 1115
423 2047
423 1970
424 1942
424 981
426 1194
426 1770
427 822
427 1971
427 1893
427 1296
428 1075
428 796
430 934
430 2344
430 1427
430 1888
431 1580
431 492
431 486
431 627
431 495
432 1885
434 1347
434 1941
435 1889
435 1914
435 895
435 2400
436 2092
437 1452
437 1301
437 1209
437 807
438 1798
438 705
440 1895
440 537
441 999
441 1555
442 1635
442 898
443 2276
444 521
444 1014
444 2449
444 1984
445 1460
446 1750
447 1245
448 2308
448 582
449 2454
450 1014
450 2336
450 1570
450 1669
451 732
451 1061
451 2047
451 2329
452 770
453 753
453 1582
453 1869
453 1761
453 2018
453 1836
453 1849
454 918
454 1878
456 1026
456 1419
456 2234
456 2008
456 1121
456 2444
457 982
457 1659
457 1798
457 603
457 1795
457 2368
457 1446
458 1489
458 1256
459 2066
459 1811
459 936
459 2209
460 1783
460 1113
460 1634
460 708
460 1775
460 1094
460 1812
460 821
460 1673
461 1107
461 2300
462 719
463 1227
463 1909
464 1830
465 1999
466 1627
467 1827
467 2368
467 1631
468 772
469 882
470 2431
471 1169
472 2308
472 1767
472 2223
472 2348
473 717
473 1261
474 1851
474 508
475 2221
475 620
476 554
476 1359
476 1208
476 936
477 1120
477 2487
478 1071
478 1668
478 1108
478 1054
478 1262
479 1723
481 1755
482 916
482 942
482 892
482 1073
482 2057
483 1161
483 2124
485 1802
485 2289
485 807
485 1412
485 1995
485 1764
485 2367
485 1997
487 780
487 1356
487 1962
487 535
488 1933
488 830
489 1145
490 1916
490 564
490 877
490 1347
491 1464
491 2429
491 1460
491 1787
491 1378
491 2284
491 2400
491 864
491 2235
492 2008
493 894
493 758
494 1892
494 1610
494 1269
494 2143
494 2216
494 1123
494 832
496 1228
497 1634
497 1927
497 1784
498 1671
498 1509
499 1275
500 810
500 1927
501 775
502 764
503 1587
503 2091
504 1128
505 1246
505 1312
506 2029
506 945
506 1262
507 1987
507 1732
507 787
507 2283
507 933
508 1932
509 2373
510 1773
511 2403
511 1129
511 887
512 1819
513 2396
513 900
513 2241
513 2009
514 730
514 2234
515 1703
516 2409
517 1175
517 1542
517 2217
518 624
519 2147
519 1402
520 972
520 949
521 637
521 847
522 716
522 1152
522 1351
522 1798
523 1971
523 2416
523 2488
523 1072
523 1178
524 1139
525 1772
526 2079
526 1399
527 1050
528 703
528 1409
529 1891
529 2299
530 1889
531 843
531 2356
531 680
532 990
533 943
534 1871
535 1307
535 948
535 1201
535 838
535 1076
536 2294
537 1717
537 1872
537 766
537 1023
538 1019
539 881
539 683
539 2229
540 2384
540 2266
541 576
542 1710
542 1637
543 1379
544 2382
544 1569
544 864
545 1843
545 892
546 2038
546 891
547 1867
547 1481
547 2441
547 1563
547 861
549 708
549 1078
550 1576
551 2140
552 1564
553 1607
553 1048
554 2062
554 796
554 2019
554 1886
555 1519
555 593
555 2016
557 939
557 1271
558 1021
558 674
559 2237
559 2192
559 1691
559 1292
560 730
560 1299
560 1033
560 2375
561 1856
562 1473
563 1047
563 716
565 2445
565 1412
566 1749
566 2223
567 628
568 1025
568 1651
569 1694
570 1696
570 2326
570 1821
571 1288
572 903
572 1995
573 2344
573 1429
573 748
574 1679
574 933
575 2072
576 1667
576 1083
576 1677
576 1977
577 2114
577 1622
577 1921
578 2471
578 986
579 1426
580 1379
581 2477
582 2316
582 1572
584 2240
584 662
584 2142
585 647
586 1632
586 700
586 1698
587 669
587 1757
587 1329
588 2021
588 1868
589 2244
589 2359
589 1682
590 1191
590 798
591 1510
591 1989
591 2146
591 962
591 2332
592 2387
592 2065
593 816
593 937
594 1778
595 982
595 2494
596 1981
596 1170
597 2062
598 1755
599 2383
599 970
599 1787
599 2069
599 2022
599 2497
600 1047
600 1286
600 1541
601 2195
601 1079
601 722
601 726
602 1525
603 2267
603 718
603 1355
604 1242
605 1449
605 712
606 1367
607 1726
607 1178
607 2306
607 2138
607 1135
608 1934
608 1510
608 1418
608 1530
610 2409
611 625
611 1686
611 2468
611 1558
611 1420
611 1171
612 2179
612 1059
614 1781
615 701
615 1257
615 1711
616 1699
616 1790
617 1454
617 1779
620 1412
620 951
620 1891
621 2030
621 2102
621 1137
621 2436
621 1604
621 973
622 2301
623 2030
623 1771
623 1525
625 1093
625 1887
625 708
626 1791
627 1118
627 2105
627 1100
628 1946
628 2405
629 2419
629 1349
629 1156
630 1741
630 1698
631 1105
631 1193
632 1645
633 2221
633 729
634 1883
634 816
635 1519
635 1794
636 2412
637 1131
637 737
637 1687
638 1027
639 870
639 1368
639 2233
639 2315
639 1189
639 1454
640 2038
641 1659
642 1395
643 1192
643 811
643 1115
644 698
644 1765
645 2221
645 1286
646 1762
646 2258
646 2191
647 1211
648 1003
648 1247
649 1358
649 1532
650 2063
651 1033
651 769
651 652
652 2154
653 825
654 2230
655 2338
656 2038
656 2265
656 788
656 1837
656 2463
657 1376
657 2251
657 1620
658 919
658 1918
658 2171
658 1007
659 2480
660 2220
660 1178
660 2162
661 700
661 1865
661 738
662 2442
662 2227
662 2437
663 968
664 1240
664 1570
665 1350
665 1799
666 1367
666 1246
667 2221
667 1595
668 1026
669 2160
669 2088
669 1836
669 1612
670 2320
671 698
672 995
673 916
673 1697
673 1398
673 1953
673 1667
674 984
674 678
674 771
676 2239
677 2396
677 1189
677 790
677 1529
677 1549
677 2082
677 2362
678 1194
678 962
679 2498
680 2241
680 1659
680 1529
680 1072
680 2086
680 2316
680 1242
680 1358
680 2253
680 1748
681 1141
684 2471
685 1017
685 1255
685 1594
685 950
687 2478
689 1531
690 1843
691 738
691 1430
692 2227
693 1850
694 912
696 833
696 1836
696 1566
696 740
697 893
697 1341
697 2030
697 710
697 1724
698 2077
698 1234
699 1242
700 1264
700 1379
700 950
701 1569
702 1162
703 2358
703 1421
703 2244
703 1281
703 2287
703 1968
703 2073
704 1848
705 1248
705 2258
706 1691
706 841
706 843
707 1796
709 1526
709 1946
709 1892
709 1872
710 2054
710 1111
710 2168
711 1178
711 2376
712 2309
712 2284
713 2060
714 2262
715 989
715 2474
717 1848
718 960
719 1883
719 2284
719 1329
720 1068
721 925
721 1195
721 1370
721 1232
722 2497
723 1035
723 919
725 1898
725 1355
727 1409
728 1433
728 1705
729 2266
729 1200
729 1720
729 2177
730 982
730 1026
730 1852
730 1919
730 2325
730 1633
730 1942
731 1396
732 2218
732 2408
732 2114
732 1888
732 1862
733 1176
734 1435
734 1216
734 1436
735 1655
736 2284
736 1068
736 1572
736 924
737 1974
738 1967
738 1304
738 1659
738 1934
739 2319
740 2106
740 940
741 2319
742 1907
744 2038
745 1894
746 1501
746 1311
746 1939
747 1666
748 1104
749 2217
749 1264
749 2215
749 1345
750 963
750 774
751 1930
752 1386
753 1551
753 1433
753 1822
753 1989
753 2108
753 1237
754 2198
754 763
755 1367
755 2046
756 1190
756 863
756 1052
757 847
758 1556
758 1848
758 1540
760 1495
760 868
760 1238
760 1163
761 1774
762 1608
762 873
763 1672
764 972
764 1333
765 2490
766 1788
766 1717
766 2208
767 1184
767 1602
767 1903
767 1451
768 1618
768 1663
768 867
769 803
770 1240
771 1263
772 2227
772 1982
775 1085
776 1191
776 1078
777 1852
778 2221
779 1945
779 2490
779 851
779 1311
779 1751
780 1487
781 2031
781 2418
782 2294
784 1115
785 989
785 1149
785 1011
786 2223
787 1995
787 1931
787 1956
789 1520
789 1615
789 854
789 2480
789 1074
789 1306
790 997
790 1381
790 1954
791 1282
791 1760
792 1653
793 1160
794 2075
794 1474
794 2223
796 2434
796 2177
796 2050
796 1731
797 1241
798 2214
799 819
800 1261
801 1118
801 2475
801 1057
802 2062
802 2148
803 2460
804 1583
804 2440
805 1225
806 1320
806 2500
807 1669
807 1339
807 1249
807 2251
808 1898
808 1011
808 1184
808 1597
809 2365
809 1701
810 1756
810 1066
810 1287
810 881
810 1514
812 1653
812 1149
813 1268
814 1933
814 840
814 1509
815 2270
816 2482
816 1478
817 1022
817 2292
818 2443
819 1717
819 2371
819 2078
820 2362
820 1183
820 2191
821 1726
821 1217
822 1179
822 1987
822 1621
823 978
823 2216
823 846
824 1690
824 2134
827 1856
827 1196
828 2362
829 2027
830 1108
830 843
830 2319
831 1644
832 1176
832 2451
833 2474
834 1053
834 955
834 1979
834 1121
834 2126
834 2171
834 1674
835 1001
835 1879
835 2364
835 2330
836 1290
836 2303
836 882
836 1326
837 1951
838 1528
838 1846
838 2245
838 1468
838 1208
839 1786
839 2086
840 1473
840 2119
842 2366
843 1979
843 1242
844 2268
846 2046
846 981
847 862
847 1113
847 2233
848 1456
848 1799
848 1606
849 1529
849 1567
850 1499
852 976
853 1822
854 1210
855 1311
855 2447
855 1130
855 977
856 1276
856 1884
857 1321
857 1516
857 2202
858 1746
859 1066
860 1981
860 953
862 1128
862 1400
862 1565
863 1880
863 1460
864 2320
864 2489
864 1075
865 1871
866 953
866 2197
866 1404
867 2114
868 2013
869 1330
869 2230
870 1982
871 948
871 1400
871 881
872 2473
872 1389
873 1633
873 2374
874 1582
874 2033
876 2275
877 1605
877 1567
878 1473
879 1249
879 1090
879 2137
880 1528
880 2344
881 1266
882 1820
882 2315
882 1255
882 902
882 1117
882 930
883 1133
883 2439
883 1251
884 1407
884 1463
884 1130
885 1983
885 1912
886 1604
888 1395
889 1031
889 1965
889 1870
889 2294
890 1501
890 2022
891 2344
891 1409
892 1384
893 1158
893 2427
893 1253
893 1821
894 2419
894 1647
896 2209
898 1032
898 2061
900 2241
901 1522
902 1428
902 1967
902 1930
903 2309
903 1207
903 1138
903 2225
903 2090
903 1479
904 2392
904 1076
904 1423
904 2364
906 2399
906 1913
906 948
906 1508
907 2306
908 976
908 2476
908 1940
908 1398
909 2025
909 1601
909 2414
910 1030
910 1976
911 2323
912 918
912 2397
914 1216
914 1866
914 1205
914 2309
915 1609
915 1160
915 1131
915 1449
916 1732
917 1598
917 1417
918 999
918 1960
918 2227
919 1934
920 1708
920 2185
920 1679
921 1478
922 955
923 1379
923 2168
924 1283
925 2396
925 2123
925 1016
925 2409
925 2205
925 1120
925 1319
926 1019
926 2115
927 1885
927 1838
927 1521
927 1996
927 1058
928 1527
928 1950
929 1705
929 2101
930 2150
931 2343
931 1625
931 1564
931 1026
931 967
932 1088
932 1378
932 1417
933 1460
933 1693
934 1132
934 1894
935 2396
935 1784
935 1629
935 2024
936 1808
937 1893
938 1822
939 1892
939 2116
939 1716
940 2342
941 1866
941 1830
942 2044
942 1983
942 1524
943 1189
944 1208
944 1591
944 969
944 2034
945 1531
946 1154
946 1264
947 2055
949 1827
950 1568
950 2245
950 1681
950 2397
951 1210
952 1115
952 1748
952 1228
954 2203
955 1924
955 991
956 1191
956 1471
957 1752
959 1940
959 1214
959 1801
961 1802
961 1854
963 1050
963 2291
963 1750
964 1158
965 1456
966 1227
966 1747
967 1049
967 1600
970 1345
970 2077
971 1385
972 2427
972 1633
973 1388
974 1330
974 1441
974 1041
974 1094
975 1094
975 1745
976 1965
976 1812
976 1942
976 1300
976 1164
977 1933
977 997
977 1008
978 1584
978 2113
980 1788
980 1711
981 1780
981 1879
982 2253
982 1019
982 2447
983 2076
984 1196
984 1100
984 1860
984 2490
985 1121
986 1073
987 2303
988 1630
988 1138
988 2321
990 1551
992 1621
992 1247
994 1200
994 2282
995 2496
996 2378
997 1919
997 2293
998 2400
999 1784
1000 1820
1001 1658
1001 1758
1001 2340
1001 2290
1001 1806
1002 1860
1002 2332
1002 1086
1002 1821
1003 1329
1004 1720
1005 1360
1005 1242
1005 1929
1005 1631
1006 1558
1006 2152
1006 1437
1006 2386
1007 1049
1007 2227
1008 2279
1009 2009
1009 1637
1009 1828
1011 2118
1012 1957
1012 1463
1012 1103
1014 1240
1015 1093
1015 1565
1015 2247
1016 1029
1017 2342
1018 2185
1019 1072
1019 1291
1019 1486
1020 1685
1021 2095
1021 1459
1022 2347
1022 2429
1023 1163
1023 1816
1023 1445
1024 2358
1024 2092
1024 1168
1024 1221
1025 1693
1025 2078
1026 1759
1027 1399
1028 1688
1029 1078
1029 2351
1030 1706
1030 2154
1032 1831
1033 1811
1033 2139
1034 1657
1034 2210
1034 1986
1035 2160
1035 1067
1035 1572
1036 1603
1036 1176
1036 2417
1037 1181
1038 2083
1038 1991
1038 1255
1038 1849
1038 1308
1038 2159
1039 1668
1040 1272
1040 1657
1040 1087
1040 1953
1041 2146
1043 1382
1044 1479
1044 1249
1045 1726
1045 1986
1046 1997
1046 1430
1047 1751
1047 2403
1047 2390
1047 2318
1047 2069
1047 1729
1049 1934
1050 1179
1050 2428
1051 1783
1051 2325
1053 1097
1053 1658
1053 1093
1053 2276
1053 1489
1053 2338
1054 2119
1054 1166
1054 1379
1054 2185
1054 1876
1055 1485
1055 2382
1058 1903
1060 2480
1060 1575
1060 2448
1060 1529
1062 2255
1063 1580
1064 1691
1064 2486
1065 1191
1065 2485
1065 1840
1066 2038
1066 1262
1066 1990
1067 1068
1068 1669
1068 1522
1068 1318
1069 2383
1070 1196
1070 1901
1071 1252
1071 2105
1071 2151
1071 2167
1072 2177
1072 1669
1072 1778
1072 1912
1072 1181
1072 1185
1073 2458
1074 1306
1074 1199
1075 1503
1077 1400
1078 1273
1079 1379
1080 1438
1081 2342
1082 1291
1082 1751
1084 1887
1084 1973
1084 2405
1085 1109
1085 2239
1085 1650
1085 1935
1085 1275
1087 1239
1088 1867
1088 1533
1089 2447
1090 1935
1090 2170
1090 1714
1090 1494
1091 2200
1091 1514
1092 1387
1094 1246
1095 1501
1096 1942
1096 1722
1097 2221
1097 1688
1097 1472
1098 1456
1098 1634
1098 2404
1099 1109
1099 2095
1099 1920
1099 1120
1100 1994
1100 2288
1101 2361
1101 1617
1103 1247
1104 1329
1105 2362
1106 1380
1106 1134
1106 1788
1107 1432
1107 2369
1107 1238
1107 1612
1107 1563
1109 2406
1109 2168
1110 1528
1110 1153
1111 1413
1111 1431
1111 2315
1111 2098
1112 1568
1112 1293
1112 1855
1113 1531
1113 1863
1113 2474
1114 1542
1115 2151
1115 2361
1115 1305
1115 1333
1116 2473
1117 2227
1118 2243
1118 1212
1119 2341
1121 1720
1122 1365
1123 1911
1124 1685
1124 1369
1126 2035
1127 1652
1131 1596
1131 1964
1132 1191
1132 2330
1133 1761
1133 1933
1133 1352
1134 2273
1137 1303
1138 2105
1138 1746
1138 2244
1139 1549
1140 2331
1141 1208
1142 1161
1143 2298
1143 1708
1143 2214
1144 1444
1144 2358
1145 2010
1146 1932
1146 1684
1147 1902
1148 2480
1148 2101
1149 2357
1150 1191
1150 2084
1151 1417
1151 1270
1151 1904
1151 2317
1151 2467
1154 2371
1155 1683
1156 1181
1156 2468
1156 1546
1157 2219
1158 1169
1158 1587
1158 1879
1159 1214
1160 1529
1160 1239
1160 1799
1161 1385
1161 1874
1161 2047
1162 1935
1162 2499
1162 1219
1162 1352
1163 1733
1165 1605
1167 1696
1167 1968
1167 1877
1167 2370
1167 2305
1167 1326
1169 1972
1172 2417
1172 1264
1173 1953
1174 2487
1174 1220
1175 2276
1177 2332
1178 1434
1178 1578
1178 2099
1178 1742
1179 2111
1180 2408
1180 1938
1181 1230
1182 1759
1184 1485
1184 1843
1184 2041
1184 1538
1185 1815
1185 2224
1186 2209
1186 2440
1187 2198
1187 2484
1188 2114
1188 1343
1188 2048
1189 2322
1189 1987
1190 1899
1191 2111
1191 2308
1191 2293
1191 1989
1191 1671
1191 2359
1192 1839
1192 2140
1193 1603
1193 1545
1193 2347
1193 2459
1193 1744
1193 2272
1193 2266
1194 2293
1196 2218
1198 2218
1200 2453
1201 1353
1201 1285
1202 1455
1202 2402
1203 1630
1203 2415
1203 1913
1204 1411
1204 1757
1208 1948
1209 1240
1210 2395
1211 1568
1211 2387
1211 2191
1212 2219
1212 1585
1212 2000
1212 1560
1212 2466
1212 2099
1214 1378
1214 1240
1214 2366
1215 2291
1215 1539
1216 2175
1216 1784
1217 2260
1218 1781
1218 2273
1219 1233
1221 1726
1222 2001
1223 2362
1224 2393
1224 2340
1225 1863
1225 1236
1226 1695
1227 1603
1227 1752
1227 1783
1228 1980
1228 2392
1228 2311
1229 1715
1229 1807
1229 2480
1229 1415
1230 2474
1230 1921
1231 1665
1232 1455
1233 2404
1233 1628
1233 1248
1236 2105
1239 1749
1240 2297
1240 1731
1241 2221
1241 2106
1241 2257
1241 1973
1241 1727
1241 2036
1241 2264
1241 2238
1242 1912
1242 1542
1242 1495
1243 2471
1243 1453
1244 2393
1244 2384
1245 1416
1245 2281
1245 1387
1246 2031
1247 1529
1250 2351
1252 2236
1254 1809
1255 1491
1256 1803
1258 2411
1262 2313
1263 2324
1263 1462
1263 2457
1263 2336
1263 2239
1264 1736
1264 1659
1264 1913
1264 1802
1264 1288
1264 1947
1264 1388
1265 2044
1268 1834
1270 1715
1271 2496
1271 1358
1271 1705
1271 2122
1272 2387
1272 1467
1272 1298
1273 1636
1273 1302
1273 2086
1274 1708
1274 2036
1274 2168
1274 2015
1274 1906
1274 2210
1275 2396
1275 1792
1275 2365
1275 1789
1275 2422
1276 1694
1276 1659
1276 2268
1276 1351
1277 2202
1278 2257
1278 2228
1278 2024
1278 2046
1278 2372
1278 1786
1279 1417
1280 1701
1280 1639
1281 1356
1281 1639
1282 2235
1283 1998
1283 2176
1284 1576
1285 2390
1287 1534
1289 1602
1290 2209
1291 1412
1291 2354
1292 1974
1292 1729
1295 1752
1297 2408
1298 2483
1298 1611
1298 1871
1298 2466
1302 1879
1303 1723
1307 2030
1307 2002
1307 2466
1307 2160
1308 1928
1310 1597
1311 2212
1311 1652
1313 2011
1314 2102
1316 1489
1318 1581
1319 2097
1320 1440
1320 1802
1321 1863
1322 1902
1324 2416
1324 1772
1325 1584
1325 1754
1326 2022
1326 1880
1327 2477
1327 1399
1328 2349
1329 1949
1329 1436
1330 1987
1330 1547
1330 1811
1330 2170
1331 1563
1334 2303
1334 2465
1335 2026
1336 1725
1337 2365
1337 1460
1338 1439
1339 1460
1339 1973
1339 2495
1341 2202
1341 2139
1342 2052
1342 2262
1342 1732
1346 2436
1346 2032
1346 1741
1347 2239
1348 2373
1351 2409
1352 1991
1353 1980
1353 1423
1354 1865
1356 1775
1357 2335
1358 1565
1360 2408
1361 1842
1361 1795
1362 2337
1362 2462
1363 2417
1363 1543
1364 1383
1366 2062
1367 2295
1367 1630
1367 1793
1368 1664
1369 2296
1369 1691
1370 2202
1371 1636
1371 1831
1372 1434
1373 1474
1373 1790
1375 1753
1375 2217
1376 1690
1378 2020
1378 1607
1378 1593
1378 2290
1379 1396
1379 1963
1380 1416
1380 2382
1381 2105
1382 2218
1382 1763
1383 1473
1384 2198
1385 1810
1385 1601
1386 2347
1386 2164
1386 1421
1387 1485
1387 2068
1387 2398
1387 2452
1388 2052
1389 1958
1390 2471
1390 2372
1391 2039
1392 2409
1392 1667
1392 2039
1393 1421
1393 2079
1394 1751
1395 1828
1395 1673
1395 1399
1396 1792
1396 2068
1397 2060
1398 2282
1399 1937
1401 1435
1403 2480
1404 1671
1405 2076
1407 2493
1408 1424
1408 2301
1408 2267
1408 1722
1409 1704
1410 1597
1412 2159
1413 2315
1414 2050
1415 1732
1415 2323
1416 1551
1416 2383
1416 2074
1417 2030
1417 1614
1421 2199
1421 1747
1421 2241
1421 1853
1421 1491
1421 1602
1421 1978
1422 2419
1423 2010
1423 2185
1423 2161
1423 1686
1424 2331
1426 2285
1427 1798
1428 1541
1429 2370
1430 1920
1430 2490
1432 1551
1432 2044
1432 2111
1432 2343
1432 1620
1432 2471
1432 2295
1432 1470
1432 2160
1432 1556
1432 1993
1432 1690
1433 1486
1433 1495
1433 1567
1435 2159
1435 2401
1436 1549
1438 2379
1438 2415
1442 1519
1443 1867
1444 1455
1445 2119
1447 1495
1449 1935
1450 2325
1451 2060
1452 1620
1452 2013
1453 2480
1454 2070
1455 1537
1456 2341
1457 1822
1458 1898
1458 1963
1458 2119
1458 2329
1458 2009
1460 1636
1460 2241
1461 2013
1461 2327
1462 2409
1463 2374
1464 1952
1465 1866
1466 2240
1466 1494
1466 1992
1467 2141
1469 1842
1470 2436
1470 1576
1470 1499
1470 2118
1470 1654
1471 2396
1471 2316
1471 2428
1472 1501
1472 1848
1472 2080
1473 1513
1475 2302
1476 1656
1477 2436
1478 2347
1480 2257
1485 1516
1485 1953
1486 1951
1487 2086
1488 2323
1488 1619
1488 2315
1488 1645
1489 1943
1489 1656
1489 1961
1490 2346
1492 2018
1492 2325
1493 1896
1493 1775
1495 1773
1495 2218
1495 2262
1496 1667
1497 1557
1498 1993
1499 1897
1499 2245
1500 2416
1500 1808
1502 2276
1502 1920
1503 2343
1504 1559
1504 2259
1505 2037
1505 1913
1506 2149
1506 1621
1507 1905
1507 1665
1508 2025
1509 2365
1511 2100
1512 2216
1514 2067
1515 2481
1516 1527
1518 1898
1518 2007
1520 2440
1520 1549
1522 2110
1523 1879
1524 2428
1525 2101
1526 1756
1526 1828
1528 1618
1529 1697
1530 2419
1532 1887
1533 1760
1535 2212
1536 1853
1537 1551
1537 1980
1537 1644
1540 2440
1543 2056
1544 1694
1544 1563
1545 2036
1545 1560
1546 2436
1547 1872
1547 2280
1548 2033
1549 2423
1549 1918
1549 1682
1550 2245
1551 2221
1551 2218
1551 1891
1551 1572
1552 2010
1553 1585
1556 1705
1556 1726
1556 2072
1557 2331
1558 1678
1559 2419
1559 2087
1561 1762
1562 2343
1563 2051
1563 1848
1563 1831
1566 2063
1566 1757
1568 2069
1569 1998
1569 1929
1569 2240
1569 1959
1571 2268
1571 1615
1573 2057
1574 1828
1574 1652
1577 1579
1580 1965
1580 2097
1580 2335
1581 2240
1583 2097
1583 2182
1586 1910
1587 2094
1589 2397
1590 1732
1592 2273
1596 1737
1597 1731
1597 1699
1598 1671
1598 2400
1598 2167
1598 2128
1599 1958
1603 2111
1603 1681
1603 2374
1603 2328
1603 1954
1603 1824
1603 1649
1604 2237
1607 2416
1607 1672
1608 1939
1608 1693
1608 1964
1609 1925
1609 2005
1611 2363
1611 2357
1612 1936
1614 1889
1615 2354
1615 2147
1616 1688
1618 1775
1618 2042
1620 1695
1620 2246
1620 1983
1620 2449
1621 2470
1623 2067
1624 2215
1625 2269
1626 2315
1627 1998
1629 1999
1629 2075
1630 1650
1630 2294
1630 1876
1633 2478
1635 1662
1635 2025
1636 1812
1636 2362
1638 1817
1638 2316
1640 2111
1641 2481
1642 2099
1643 2250
1644 2241
1645 1867
1645 1906
1646 2057
1649 2054
1651 2132
1652 1692
1653 2273
1655 1756
1655 1856
1656 2129
1658 1694
1659 2082
1659 2234
1659 2214
1660 2094
1661 2348
1662 2110
1662 2316
1665 1764
1666 1877
1667 2275
1669 2354
1670 1706
1674 1900
1674 2265
1674 1886
1675 2253
1676 2230
1681 2020
1681 2042
1682 1921
1688 1756
1688 1762
1689 2202
1691 1725
1691 2179
1691 2241
1692 1866
1692 2056
1693 2247
1693 2104
1693 2254
1694 2387
1694 1892
1696 1812
1696 2284
1696 2215
1697 1752
1698 2205
1698 2072
1700 1814
1700 1873
1700 2287
1701 2255
1701 2196
1704 2120
1705 2006
1705 2012
1706 1927
1707 2495
1708 2184
1708 2331
1709 2308
1709 2387
1710 2474
1710 1778
1712 1829
1712 2163
1713 1798
1714 2400
1718 1869
1719 2445
1719 2245
1720 2244
1720 2020
1722 2496
1722 2462
1724 2087
1725 2221
1725 1851
1725 2354
1726 1915
1730 2334
1731 1944
1733 1891
1734 2471
1734 2395
1735 2063
1735 1738
1739 2204
1739 2407
1739 1985
1739 2105
1740 2421
1743 1981
1748 2468
1748 2232
1748 2216
1751 2450
1753 1934
1753 2347
1756 2133
1756 2001
1756 2458
1759 2228
1760 2063
1761 2070
1761 1819
1762 2004
1766 2102
1766 2272
1768 1968
1769 2373
1771 2123
1774 1864
1775 2107
1776 1934
1777 2215
1778 2047
1781 2499
1782 1858
1783 2325
1783 2144
1784 1893
1785 1825
1786 2226
1787 2376
1788 2127
1788 1883
1792 1823
1793 2063
1793 2056
1795 2432
1796 2060
1796 2253
1797 2344
1798 2219
1798 2087
1801 1991
1803 2185
1804 2160
1809 2331
1811 2177
1811 2058
1811 1966
1813 2480
1814 2311
1817 1965
1818 2197
1818 2068
1820 1980
1820 2064
1821 2182
1821 2484
1822 2421
1825 2434
1826 2174
1826 2047
1827 1867
1827 2225
1832 2471
1832 2241
1833 2032
1835 2152
1836 2271
1836 2264
1837 2480
1837 1909
1837 1972
1839 2396
1841 2376
1845 2219
1847 2147
1848 2045
1851 1917
1857 2349
1857 2112
1857 1977
1857 2043
1860 2380
1860 1928
1860 2477
1860 2274
1861 2483
1861 2122
1864 2204
1864 2112
1866 1900
1867 2471
1867 2413
1870 2020
1872 2002
1875 2147
1879 2400
1881 2390
1886 2497
1887 1951
1887 2206
1889 2219
1891 2353
1892 2145
1892 2036
1895 2203
1900 2412
1902 2167
1905 2076
1907 2489
1908 2066
1908 2281
1911 2115
1913 2006
1913 2044
1913 2024
1916 2110
1916 2151
1916 2251
1922 2426
1926 2360
1927 2346
1933 2205
1934 2436
1934 2339
1935 2044
1935 1965
1935 2420
1936 2347
1936 2010
1937 1997
1940 2234
1940 2343
1947 1993
1953 2333
1955 1994
1957 2387
1957 2287
1958 2010
1958 2367
1959 2465
1960 1988
1961 1996
1962 2430
1965 2062
1966 2454
1969 2173
1971 2252
1973 2455
1975 2466
1976 2187
1978 2447
1978 2316
1979 2242
1979 2263
1980 2473
1980 2093
1980 2461
1981 2097
1981 2498
1982 1989
1982 1986
1985 2168
1987 2015
1987 2090
1987 2207
1988 2217
1994 2496
1995 2121
1996 2462
1996 2098
1996 2440
1997 2080
2003 2436
2008 2014
2008 2272
2009 2471
2010 2219
2011 2053
2015 2153
2023 2334
2024 2349
2026 2285
2028 2219
2029 2110
2029 2394
2032 2037
2032 2155
2035 2340
2036 2371
2036 2101
2046 2496
2046 2373
2049 2343
2051 2330
2053 2159
2054 2162
2055 2395
2056 2315
2056 2465
2057 2248
2057 2337
2059 2215
2059 2137
2062 2109
2063 2279
2064 2464
2065 2082
2068 2136
2070 2230
2081 2263
2083 2468
2083 2219
2085 2123
2086 2319
2086 2157
2086 2355
2087 2212
2089 2330
2090 2121
2090 2406
2098 2476
2099 2425
2099 2232
2100 2127
2100 2158
2100 2172
2100 2316
2101 2296
2103 2436
2105 2385
2106 2188
2106 2270
2107 2478
2110 2479
2111 2399
2112 2131
2112 2308
2116 2315
2120 2209
2123 2375
2125 2130
2126 2388
2126 2304
2127 2198
2130 2146
2133 2462
2133 2334
2135 2369
2136 2284
2145 2287
2147 2349
2149 2257
2151 2440
2156 2316
2157 2331
2159 2446
2161 2365
2167 2273
2174 2220
2178 2367
2183 2468
2190 2276
2201 2384
2204 2429
2205 2217
2205 2322
2211 2295
2214 2331
2220 2479
2220 2336
2221 2396
2228 2252
2229 2466
2231 2325
2234 2330
2240 2250
2241 2416
2251 2381
2281 2452
2282 2302
2284 2383
2287 2399
2295 2480
2304 2387
2307 2410
2310 2379
2315 2339
2331 2416
2341 2382
2344 2431
2350 2404
2352 2410
2352 2353
2353 2455
2354 2424
2357 2483
2370 2491
2373 2385
2380 2469
2383 2387
2393 2459
2426 2480
2426 2460
2444 2485
2456 2465
2473 2492
