1500 1995
1 1135
2 670
3 1249
4 310
5 480
6 255
6 413
6 1483
6 1054
6 308
6 179
6 1248
7 167
7 159
7 1328
7 766
7 1482
7 1450
7 662
8 1302
8 1152
9 1289
9 538
9 773
9 795
9 245
9 1387
10 306
10 1189
10 1034
10 127
10 1027
10 793
10 253
11 718
12 797
12 889
12 1149
12 506
12 658
12 1039
12 1120
13 1177
13 1175
13 1441
14 23
15 946
16 32
17 786
17 1468
17 93
17 231
17 1042
18 666
18 952
18 1025
19 1130
20 1259
20 731
20 1040
20 228
21 1495
22 726
22 840
23 1358
23 1440
23 904
23 776
23 756
24 402
24 1421
24 625
24 781
24 367
25 1468
25 537
26 435
27 215
27 1210
27 422
28 66
29 565
30 884
31 633
32 666
32 1447
32 374
32 963
32 752
33 1444
34 1119
34 1250
35 845
35 179
35 1122
36 553
37 483
37 1008
37 111
37 960
38 835
38 904
38 1012
39 696
40 1125
41 1099
41 777
42 383
42 462
42 798
43 508
43 701
43 547
43 458
43 427
44 851
44 1182
44 207
45 873
45 1336
45 680
46 453
46 546
47 988
48 1124
48 1473
49 1495
49 1029
49 425
49 690
49 319
49 1278
49 740
49 585
49 633
50 176
50 1166
50 797
51 375
51 376
51 588
51 567
52 597
53 1245
54 1168
54 592
54 800
55 757
56 280
56 91
56 881
57 1302
58 1169
58 788
59 1482
59 966
59 1227
59 595
60 1438
60 663
60 657
61 1081
62 954
62 1083
62 894
62 1028
63 186
63 940
64 1487
65 145
66 489
67 699
67 163
68 1002
68 1220
68 127
69 554
69 1290
69 1280
69 146
69 1288
69 868
69 670
70 404
70 78
70 154
70 611
70 291
70 1063
70 1226
70 1349
71 835
71 1234
71 560
71 574
72 667
73 295
73 769
74 816
74 857
75 1413
75 158
76 992
77 1482
78 426
79 888
79 654
79 1012
79 1321
79 758
79 1425
80 1197
80 520
80 649
80 363
81 387
82 975
82 406
82 302
83 644
83 1213
84 1469
84 332
84 342
84 1137
85 1385
85 1140
85 905
86 227
87 774
87 1072
87 379
88 670
89 1287
90 505
91 1031
91 857
92 1263
94 663
95 946
95 976
95 879
95 424
96 389
96 1417
97 777
98 240
98 1359
99 822
99 704
99 1011
100 1032
100 683
101 778
101 309
101 819
102 1127
102 262
102 383
102 475
103 1427
103 1388
103 963
103 548
104 551
105 1225
105 853
105 188
106 505
107 639
107 628
107 1500
107 675
108 361
108 1500
108 1484
109 1291
110 1082
110 1473
110 518
110 443
110 1172
110 199
112 1220
113 143
113 323
114 666
114 1385
114 355
115 1254
116 141
116 827
116 1422
117 1416
118 387
119 1450
119 1000
119 457
120 490
120 264
120 1033
121 211
121 1080
121 545
121 498
121 771
122 313
123 1172
124 1245
125 1176
126 211
126 1197
126 174
126 571
127 1203
127 1271
127 1343
128 1012
128 604
129 968
129 354
130 1339
130 216
130 793
130 1324
131 677
132 1468
132 385
133 813
133 1318
133 348
133 1015
134 1416
135 1064
135 982
135 1123
135 414
135 1093
135 379
136 195
136 1192
137 170
137 864
138 409
139 1166
139 456
139 1427
140 1140
140 169
141 402
141 1415
141 727
142 929
143 192
143 1491
144 1302
145 1168
145 1142
146 292
146 924
147 170
147 766
147 228
147 1469
147 187
147 308
147 899
148 529
148 569
148 617
149 1251
149 784
150 385
151 154
151 1198
151 1497
151 1245
151 1305
151 982
151 591
152 1197
152 972
153 1131
154 821
155 1466
156 1031
157 422
157 486
159 420
160 900
161 640
161 796
162 1216
163 1410
164 769
165 1466
165 1299
166 846
166 710
166 989
167 179
167 272
168 1133
168 1015
169 1129
169 381
170 982
171 483
171 1365
171 325
171 569
171 857
172 772
172 212
173 859
173 1059
173 181
173 1164
174 237
174 1306
174 823
175 1298
175 1051
175 1063
176 402
176 1026
176 179
176 359
176 892
176 223
176 476
177 772
177 1173
177 1392
177 514
178 1259
179 565
179 1380
179 766
179 649
179 904
179 1390
180 699
180 1168
180 1158
180 490
180 1469
180 194
180 1452
182 1012
182 899
183 1026
183 984
184 1145
184 740
185 350
185 1488
186 492
186 955
186 863
186 627
186 1379
187 1157
187 801
187 269
187 1488
187 1280
187 1203
187 267
188 1380
188 367
188 674
189 542
190 1472
191 1377
191 1286
191 558
191 397
192 1021
192 1041
192 1090
192 884
192 659
193 412
194 1287
194 783
194 273
195 1281
195 624
196 1399
196 519
197 877
197 1105
197 287
197 1149
197 615
198 1428
198 1304
198 551
199 780
200 224
200 1115
200 1160
201 531
201 526
202 1241
203 724
204 724
205 901
205 1162
206 410
207 898
207 367
208 697
208 1146
209 859
209 915
210 1088
210 1102
210 1124
210 679
210 540
211 699
211 404
211 417
211 862
211 841
211 738
211 1363
211 290
211 1022
211 533
212 642
212 1490
213 484
213 514
214 979
214 618
214 230
214 1138
215 1323
215 488
216 793
216 520
216 1034
217 1482
217 605
218 1148
218 1418
218 938
218 299
218 595
218 714
219 1426
220 573
220 1451
220 661
221 1117
222 1481
223 1029
224 832
224 772
224 1272
224 1436
225 268
226 1456
227 884
228 1229
228 921
228 414
228 1136
228 528
228 1291
228 923
229 1290
230 697
230 1268
230 1292
230 635
232 469
232 997
232 1121
232 420
233 237
233 1192
234 396
235 666
236 1167
237 870
237 928
238 611
238 300
238 915
238 483
239 1015
240 425
240 1315
240 1136
240 1314
240 1360
240 1257
240 546
240 970
241 1465
241 561
242 849
242 1404
243 839
243 1476
243 305
244 717
245 542
245 1410
245 888
245 1495
246 1064
247 634
247 1265
248 993
248 1124
248 1262
249 677
249 904
250 1131
250 774
250 665
251 281
252 1310
252 1479
253 1168
253 515
254 999
254 1464
254 1293
254 1453
255 489
255 806
255 1423
255 1322
256 654
256 642
256 1373
257 457
258 1241
258 352
259 1117
259 739
260 464
260 1273
261 451
261 1446
261 628
261 876
261 593
261 1024
261 1048
262 492
262 366
263 980
263 910
263 394
263 628
265 595
265 650
265 1171
265 1257
265 1402
266 1287
267 900
267 1383
268 595
270 1117
270 401
271 1097
271 1346
271 1034
272 906
272 528
273 665
274 1111
275 1174
276 681
277 1117
277 593
278 1043
279 1350
279 1412
280 699
280 791
280 891
280 1107
281 1374
281 797
281 917
281 1251
282 1298
283 1190
283 317
284 777
284 1121
284 413
285 699
285 1155
286 1496
286 916
287 586
287 616
287 1217
287 1144
287 464
287 792
287 770
288 1310
288 1035
288 1046
288 459
289 433
289 1305
289 1154
289 1169
290 310
290 987
290 1063
291 886
293 1384
294 1171
294 1178
294 675
295 1287
295 749
296 1371
296 1294
296 1482
297 492
298 1338
298 489
298 447
298 1001
298 642
298 853
299 732
299 992
299 1183
299 1042
299 963
299 567
300 613
301 1358
301 744
303 1268
303 649
303 381
304 1305
305 1350
305 1057
305 1297
305 826
306 425
306 858
306 642
306 631
306 1008
307 860
307 1492
307 1299
307 1255
308 775
309 578
310 1077
311 372
312 1009
312 1400
313 726
313 460
313 639
313 635
314 429
314 398
314 1268
314 1267
315 598
316 1390
318 584
318 1408
319 458
320 406
320 831
321 966
321 1028
322 1121
322 336
322 859
324 550
325 665
325 608
325 1059
325 1396
326 806
327 1165
327 1415
328 1249
328 1268
329 1249
329 1086
329 461
329 969
329 1106
330 992
330 1063
330 896
330 847
331 1190
333 1328
334 1313
334 719
334 1364
335 805
335 1206
335 725
335 363
337 708
337 1014
337 1281
337 1164
337 1144
337 1218
338 1200
338 386
338 1184
338 1306
339 504
339 1500
340 1145
341 1158
341 1353
341 669
341 1253
341 1285
342 489
342 414
342 451
343 1139
343 511
344 738
345 1355
345 485
346 555
347 1186
348 554
348 1452
349 947
349 1308
349 1100
350 1500
351 673
351 698
353 1353
353 746
353 963
354 1255
354 473
354 575
355 1340
355 1367
355 985
355 619
356 1158
357 810
357 865
357 1373
357 764
358 970
358 544
358 924
358 545
358 1179
359 1433
360 794
360 795
361 1041
362 388
362 680
362 696
363 1329
363 1010
364 492
364 795
365 510
367 1019
368 1189
369 621
369 1434
370 1333
370 469
371 603
371 1179
371 921
371 774
371 1116
371 1318
371 607
372 982
373 640
375 907
377 642
377 1056
378 1124
378 722
378 1164
378 840
379 873
379 1011
379 1378
379 1413
380 1179
380 455
381 518
381 892
381 625
381 514
381 1062
382 444
384 923
386 943
387 483
387 1335
387 1487
387 1187
387 1257
388 411
388 435
388 1302
389 1197
390 772
391 942
391 463
392 780
392 1351
392 496
393 719
394 986
395 1127
396 404
396 1458
396 1099
396 585
396 1406
397 646
397 615
397 421
398 677
398 887
398 1013
399 672
399 450
399 1271
399 463
400 598
401 935
401 620
401 433
401 558
401 1152
402 504
402 873
402 1324
402 1052
402 625
403 980
403 1229
404 1082
404 411
404 505
404 626
404 444
405 831
405 668
405 705
405 1013
406 625
407 858
408 751
409 1168
409 1498
410 489
412 603
412 803
413 1268
413 660
413 1310
414 941
414 612
414 1125
414 1219
415 797
416 1028
417 473
417 993
417 1384
417 776
418 1258
418 1490
419 837
422 628
423 1351
424 1393
425 875
425 501
427 1313
427 1489
428 738
429 775
429 813
430 525
431 1082
431 1214
431 1087
432 1149
433 449
433 570
434 1266
434 1248
435 1212
435 1237
435 570
436 443
437 721
438 758
438 675
438 602
439 1117
439 583
439 892
439 1337
440 1161
440 1317
441 1153
442 596
443 909
443 835
444 1454
445 1228
446 1122
447 1151
448 1203
449 699
449 786
449 775
449 709
449 1343
450 891
450 487
450 969
451 518
451 1148
451 577
452 720
453 1427
454 928
455 734
455 852
455 738
458 997
458 1233
458 631
459 703
460 767
460 505
460 937
460 1223
461 1270
461 780
462 530
463 1403
464 975
464 487
464 958
465 979
466 682
466 557
467 877
468 1377
469 481
469 1061
470 1218
470 1078
471 472
471 1319
471 965
471 1079
471 1093
472 1082
473 895
473 570
473 931
474 530
476 1088
476 1413
477 1156
478 1352
479 1489
480 1434
481 550
481 1482
481 698
482 1123
483 607
483 954
483 1307
484 1256
484 1184
484 1403
485 975
485 876
486 1136
487 693
487 920
489 1456
489 899
489 702
489 512
490 861
491 865
491 996
492 978
492 742
492 1286
493 579
493 1410
493 1234
494 1115
494 1216
495 1019
495 1450
495 575
497 773
499 1174
500 1413
500 839
500 1045
501 1350
501 621
501 1106
501 789
501 609
501 1346
502 1298
502 1445
503 782
503 1481
504 1145
504 1414
504 507
504 1454
505 1127
507 867
507 1373
508 1032
508 1005
509 777
509 1016
509 1291
510 1057
510 678
512 1391
513 1337
513 1432
515 1313
516 1492
517 1264
518 1048
521 1144
522 1426
522 837
522 1393
523 552
524 1028
524 1146
525 812
527 1109
527 1161
528 805
528 1359
528 1333
529 589
529 576
529 1053
529 1062
529 1329
529 1096
530 903
531 1390
531 1387
531 1435
531 566
532 1465
532 1332
533 1234
533 1434
534 621
535 1456
535 1264
535 1316
536 849
537 1413
537 1028
538 570
539 1363
539 951
540 1428
541 1451
541 831
542 1202
542 988
542 1132
543 562
545 871
547 1368
547 1181
548 1277
549 1456
549 1397
549 836
549 675
549 671
550 629
551 1249
551 1346
551 1458
551 1240
552 1466
552 599
552 1277
552 670
552 1401
553 640
554 699
554 977
554 793
554 555
554 729
556 865
558 899
559 812
560 1402
562 942
562 847
562 1497
563 1057
563 1396
564 702
564 1379
564 1160
564 995
565 829
565 1238
565 838
566 961
567 589
567 1222
567 779
567 894
568 927
569 864
570 766
570 1236
570 609
570 994
571 628
571 1124
572 642
573 631
573 830
573 1254
573 601
574 973
574 994
574 1153
575 1399
575 651
576 1156
576 1314
577 811
578 1202
579 1127
580 935
580 581
581 1252
582 1290
584 813
584 741
584 718
586 1014
587 893
587 853
588 1150
589 1185
589 970
590 810
590 1109
591 1368
593 1184
594 1426
594 732
595 1145
595 1345
595 1496
595 877
595 1430
596 804
596 675
596 1156
596 1020
597 654
597 1368
598 699
598 815
599 751
599 1390
599 1211
600 751
600 1478
600 1196
600 822
600 1070
601 1009
601 1484
602 942
603 1012
605 990
606 777
606 849
607 1465
607 882
609 1144
610 1084
614 1338
614 1134
619 1189
621 1372
621 742
622 1443
623 1438
625 1140
625 882
625 780
626 933
627 1130
628 1176
628 1411
628 904
628 1089
628 1207
628 709
630 1481
630 1330
631 1431
631 1420
631 645
631 1313
632 654
633 1405
634 1164
636 1500
637 697
638 1019
639 1096
640 1166
640 1377
640 1318
640 1118
641 1131
641 1379
642 1469
642 748
643 917
644 1021
644 1155
645 1412
645 1309
646 810
646 1260
647 1114
648 1458
649 1003
649 964
650 1431
650 695
650 717
651 843
651 704
652 878
653 1399
654 1369
654 1092
654 1224
655 1338
656 1425
656 1295
660 727
660 764
662 1442
664 1414
665 998
665 1124
666 1465
666 1064
666 1111
666 1422
666 1024
666 1136
667 1079
668 1267
669 1108
670 1013
670 799
671 697
672 810
673 1465
673 920
673 704
674 1313
675 1047
676 1057
677 1211
679 1468
679 1055
680 981
680 779
681 1135
681 1457
682 1171
682 1246
683 707
683 765
684 773
684 1394
685 1422
686 1260
686 1006
687 808
688 1145
689 1257
690 934
690 766
690 1367
690 1435
691 1088
692 985
694 754
695 1355
696 745
696 1312
697 1029
697 1141
697 799
697 1291
698 1114
698 1381
699 1374
699 1338
699 1241
699 1495
699 780
700 1340
702 992
702 724
703 795
706 941
708 792
708 1199
711 983
712 841
713 1351
714 1307
714 912
714 1054
715 766
716 1050
717 1282
718 1038
718 892
719 1257
719 952
720 778
720 851
721 1488
721 1220
722 1460
722 1144
722 1213
723 1447
724 779
724 1155
726 1158
726 1437
728 824
728 812
728 855
730 1161
732 957
733 1007
734 792
735 1028
736 1425
737 1051
738 1069
738 991
738 1063
738 936
740 793
740 992
742 1386
742 1314
743 877
743 1193
744 1433
747 1048
748 857
748 1422
750 1094
751 1396
753 1266
753 1112
753 1028
754 1140
755 1466
755 1186
756 1139
756 1393
757 801
759 1057
760 1007
761 964
762 1071
763 805
764 1394
766 806
766 1356
766 911
766 793
766 795
766 1181
766 1346
766 1454
767 1194
767 1400
767 1293
768 1032
769 1287
769 1400
769 1379
770 827
772 1133
772 896
773 848
774 839
776 850
776 1327
776 1273
778 1185
778 902
779 1181
779 1164
780 975
780 1081
780 1104
781 897
782 899
785 877
786 1044
787 909
787 1235
787 1357
790 1025
792 810
792 834
793 1013
793 1161
793 919
793 1296
794 1351
794 914
794 1258
795 1307
795 880
795 1156
795 1242
797 1376
797 1415
797 945
798 918
798 1073
799 1389
800 1232
801 1047
802 1378
803 1459
804 1171
805 1268
805 1480
806 904
806 1033
806 1120
806 1155
807 1021
807 1147
807 1409
808 1323
808 900
808 941
808 1114
808 952
809 1210
810 1428
810 888
812 981
814 1251
816 1029
817 1399
817 898
817 1177
817 1107
818 1159
818 1367
819 1144
820 832
820 1310
824 1026
824 1339
824 1165
825 1223
827 1344
828 1283
830 843
830 1326
830 992
831 858
831 1405
831 1352
832 975
832 1228
832 1352
833 1308
841 1259
841 929
841 1110
841 1071
842 1238
843 975
843 1117
844 1487
845 1102
846 1226
847 892
847 1233
847 1119
850 1358
850 979
850 1236
850 1425
854 1167
855 1060
856 1241
858 1366
858 963
859 1029
859 892
860 862
860 1475
861 942
861 915
861 1470
861 1354
861 1279
866 1228
866 1370
868 995
869 1282
869 876
871 896
872 1410
873 1291
873 1266
874 1444
875 1419
876 1092
876 1292
876 991
878 970
878 983
883 1371
884 1362
885 1370
885 1020
886 1493
888 1139
890 1149
891 1089
892 980
892 1360
892 1339
892 1002
893 1145
896 1471
896 1494
896 1195
897 1231
898 1243
898 1261
899 1178
900 1012
900 1322
901 1345
901 1221
904 1242
904 1415
904 1434
907 1090
908 1171
913 1167
915 1410
917 1255
917 1230
919 998
920 1136
920 1107
920 981
922 1356
923 975
923 1340
924 1495
924 992
924 942
925 1130
926 1110
926 1274
927 971
929 1474
929 930
930 1049
930 1192
931 1205
932 1383
936 980
936 1220
937 1212
937 1028
937 1462
939 1436
942 969
942 1331
942 1249
944 1285
945 1140
946 1495
946 953
947 1009
947 1466
947 1263
947 1298
947 1033
948 1411
949 1437
950 1168
950 1360
952 1415
955 1327
956 1179
957 1047
958 1431
959 999
959 1136
962 1378
964 1353
964 1402
967 1065
968 1141
970 1482
971 1255
973 1447
974 1399
974 1367
976 992
980 1428
980 1448
980 1075
983 1327
984 1361
985 1154
985 1208
985 1041
989 1450
992 1009
993 1236
994 1447
994 1226
996 1322
997 1299
998 1044
998 1364
999 1338
999 1476
1002 1234
1003 1194
1004 1202
1006 1424
1007 1151
1009 1241
1009 1249
1010 1431
1010 1330
1013 1148
1013 1307
1017 1075
1018 1141
1019 1241
1021 1473
1023 1320
1024 1481
1025 1107
1025 1434
1028 1042
1028 1058
1029 1350
1029 1467
1030 1299
1032 1374
1032 1191
1033 1172
1033 1199
1036 1185
1036 1293
1037 1331
1042 1416
1043 1229
1044 1200
1044 1159
1049 1407
1050 1380
1053 1167
1055 1499
1056 1334
1058 1069
1061 1275
1063 1137
1063 1415
1064 1174
1065 1112
1066 1246
1067 1139
1068 1109
1074 1088
1075 1482
1076 1309
1080 1201
1082 1471
1082 1493
1084 1352
1085 1473
1086 1135
1086 1113
1088 1158
1088 1429
1089 1134
1090 1223
1090 1449
1091 1415
1092 1375
1094 1229
1095 1323
1096 1305
1096 1207
1096 1255
1097 1493
1098 1363
1101 1176
1103 1304
1107 1471
1107 1476
1109 1240
1116 1353
1119 1364
1122 1413
1122 1325
1124 1378
1126 1342
1127 1442
1128 1232
1131 1488
1131 1342
1131 1314
1131 1180
1134 1266
1138 1494
1142 1178
1143 1318
1144 1375
1145 1488
1145 1428
1145 1365
1146 1434
1148 1268
1151 1416
1153 1416
1153 1170
1153 1352
1154 1276
1157 1342
1158 1301
1158 1266
1160 1448
1161 1371
1163 1364
1167 1443
1168 1444
1171 1283
1174 1209
1176 1263
1180 1319
1180 1254
1180 1341
1182 1296
1183 1471
1184 1447
1185 1345
1188 1366
1189 1485
1190 1374
1192 1219
1194 1495
1200 1337
1200 1303
1204 1295
1205 1395
1207 1313
1215 1229
1217 1244
1219 1419
1219 1433
1220 1394
1224 1486
1225 1256
1231 1396
1233 1247
1235 1267
1239 1439
1255 1426
1256 1450
1262 1409
1264 1379
1266 1433
1266 1357
1269 1471
1270 1398
1277 1320
1277 1477
1279 1331
1282 1300
1283 1472
1284 1331
1289 1291
1289 1461
1290 1455
1299 1367
1305 1415
1311 1352
1313 1385
1314 1487
1323 1465
1333 1428
1333 1439
1338 1399
1346 1473
1346 1365
1347 1423
1348 1460
1351 1425
1354 1483
1354 1473
1358 1399
1364 1489
1367 1400
1371 1482
1374 1465
1379 1478
1382 1452
1394 1469
1395 1399
1400 1406
1436 1463
1438 1492
1458 1493
1465 1488
1490 1496
