1500 2198
1 291
1 891
1 845
1 1156
1 1043
1 69
1 546
1 381
1 183
2 665
2 82
3 1495
3 563
4 179
4 1357
5 1381
6 1148
6 333
6 1021
6 925
6 673
7 1277
8 150
8 73
8 786
9 562
9 347
9 191
10 1019
10 749
10 46
10 342
11 237
11 537
11 1000
11 1212
11 764
12 488
12 1136
13 916
14 174
14 132
14 96
15 1336
15 224
15 634
16 131
16 831
16 772
17 306
17 349
18 542
19 1065
19 586
20 488
20 1444
20 1389
20 1443
20 382
20 337
20 699
20 935
21 525
21 75
21 375
21 789
21 188
22 45
22 1192
22 382
22 242
22 1270
23 906
23 1091
24 487
24 316
25 257
25 1261
26 111
27 432
27 80
27 1136
27 1125
27 1228
27 1096
28 94
28 1150
28 1438
28 399
29 112
29 1174
29 155
30 699
30 1105
30 860
31 1498
32 206
32 398
33 76
33 810
34 923
34 1057
34 1429
34 1365
34 1399
35 1466
35 543
35 849
35 1255
36 432
36 606
37 346
37 976
38 792
38 82
38 326
38 440
38 1009
39 845
40 1098
40 1325
41 1123
41 178
42 46
43 1131
44 355
44 298
44 1208
45 602
45 823
45 129
46 892
46 543
47 211
48 1262
48 271
49 1498
49 937
49 273
50 985
50 317
51 1227
52 567
52 1234
53 97
54 1203
55 240
55 1422
56 366
56 1096
57 433
57 1436
57 267
57 1041
58 1148
58 530
59 977
59 1440
59 136
59 1305
60 110
60 1226
60 595
60 374
60 548
61 209
61 1269
61 942
61 426
61 1174
62 534
63 250
63 1395
64 393
64 1289
64 575
64 931
64 1114
65 1434
65 93
66 1185
67 885
67 439
67 1331
67 1083
67 581
67 610
68 1495
68 1444
68 1277
68 1334
68 1093
68 484
68 1453
68 449
68 1235
68 1227
68 348
69 373
69 742
70 437
71 94
71 1380
72 697
72 1045
72 1452
73 1143
73 964
73 248
73 596
74 1402
74 304
74 1020
74 639
75 1147
75 1469
76 673
76 556
76 203
77 1074
77 202
77 262
77 836
78 1118
79 86
79 163
80 382
80 855
80 1385
81 1329
81 966
82 699
82 1069
82 423
82 980
82 1277
82 787
82 728
82 770
82 508
82 1430
83 1226
83 816
84 296
84 591
85 904
86 880
86 1155
86 559
86 1413
86 318
86 591
87 682
87 730
88 718
89 632
89 387
89 965
89 791
90 569
90 1420
91 829
91 508
91 849
92 1380
92 353
92 1167
92 629
93 1099
94 282
94 303
95 314
96 367
96 1169
96 747
96 654
97 1339
97 677
98 282
98 854
99 168
100 855
100 1034
100 1180
101 411
101 700
102 326
102 567
103 1148
104 679
104 705
104 1024
104 1342
104 586
104 672
105 728
106 1292
106 314
106 1135
106 1004
106 964
107 1195
107 128
107 456
107 339
107 435
107 1064
108 1126
109 1103
109 1369
109 236
109 934
109 1007
109 153
109 1070
109 1019
109 732
109 1105
110 180
110 1036
110 828
111 792
111 383
112 726
112 1305
113 615
113 404
113 493
114 474
114 1285
115 710
116 149
116 1368
116 949
117 711
117 1131
117 878
118 855
119 598
119 252
120 911
120 1188
121 851
122 937
123 855
123 1171
124 675
125 209
125 326
125 1278
125 974
125 741
126 728
126 1221
126 711
126 1493
127 769
127 195
128 1321
129 1285
130 920
130 325
131 382
131 949
131 1196
131 281
131 357
132 1084
132 840
132 876
133 451
133 940
133 1275
133 404
134 1020
134 795
135 159
135 748
135 184
135 1404
135 712
137 1425
138 228
138 1432
138 1335
139 1466
140 543
140 1203
141 675
142 990
143 1136
143 868
144 645
145 1283
145 326
145 1110
145 238
145 1017
145 453
145 378
145 1411
146 211
147 1059
147 995
147 987
148 907
148 739
148 645
149 822
149 1065
150 958
150 585
151 710
152 907
152 574
153 923
153 950
153 1313
153 564
154 363
154 1014
154 1374
154 1453
155 499
156 1036
156 734
157 423
158 1021
158 1172
159 501
159 205
159 709
159 693
160 1273
160 1334
160 952
160 184
160 615
160 1287
160 203
160 1384
161 189
161 1393
161 1187
161 728
161 1478
162 1313
162 922
162 342
164 1359
164 765
164 928
164 1389
164 920
164 213
164 1095
164 1486
165 753
165 1304
165 539
166 710
166 1003
167 1090
167 1235
167 1492
168 501
168 1199
168 1478
169 188
169 596
170 503
170 190
170 1498
171 1328
171 1275
171 621
171 339
171 1489
171 178
172 1331
172 270
172 271
173 1350
174 537
175 201
176 658
177 866
177 454
177 1185
177 1414
177 749
177 1422
178 715
178 1425
179 400
179 825
179 1165
179 934
180 477
180 1447
180 627
181 1118
182 783
183 760
183 1489
184 575
185 231
185 1346
185 1190
185 1097
185 1401
186 982
186 912
186 1352
186 1087
187 1414
188 222
188 822
188 308
188 1414
188 421
188 770
188 235
189 536
190 401
190 821
192 528
192 580
193 568
193 841
194 1191
194 363
195 425
195 1183
195 1091
196 925
196 323
196 983
196 1377
197 639
197 406
197 489
198 627
198 1213
199 1413
200 871
200 412
200 641
200 321
201 1298
201 864
201 590
201 442
201 1110
201 1282
201 1272
202 763
202 662
202 1091
203 425
204 388
204 1013
205 245
206 1370
207 846
207 419
207 774
207 212
207 217
207 1391
207 265
207 1149
208 986
209 845
209 935
209 1309
210 825
210 892
210 1420
210 891
211 291
211 236
211 1369
213 777
213 977
213 455
214 371
214 315
214 395
215 602
215 293
215 1107
216 1470
216 457
216 588
217 641
218 1192
219 1313
220 1480
220 1191
220 1308
221 709
222 1148
222 477
222 287
222 1031
222 1481
222 1411
222 814
223 1466
223 382
223 305
223 592
224 457
224 1116
224 943
224 505
225 468
225 964
225 856
225 706
225 955
226 1493
227 1038
227 1078
227 471
227 1255
227 693
228 1321
229 1423
230 1332
231 1031
231 842
232 850
233 1167
234 979
234 549
234 562
235 1125
235 281
235 1499
235 897
236 1241
236 1350
236 426
236 849
236 589
236 917
237 704
237 346
237 864
238 1016
238 1102
239 509
239 1325
239 882
240 531
241 739
242 1107
243 1364
243 479
243 1030
244 609
244 759
246 746
246 849
247 671
247 1272
247 899
248 719
248 1162
248 1086
248 1175
249 539
249 912
250 449
250 776
250 653
251 382
251 538
251 728
252 321
252 1391
253 1449
253 1093
253 302
253 1174
254 919
255 326
255 1109
255 1115
255 299
256 920
257 327
257 1008
257 1143
258 729
258 1415
259 715
259 504
259 312
260 1466
260 844
260 916
260 1465
260 936
261 377
261 1482
262 531
262 415
263 1301
264 699
265 654
266 1372
268 1273
268 1140
268 864
269 993
269 703
269 798
270 962
270 598
270 763
271 957
272 1242
272 378
273 1191
273 530
273 670
273 331
274 686
275 968
276 1069
276 581
276 1039
276 812
277 1185
277 588
277 1485
278 863
279 916
279 1428
280 1393
280 598
281 1181
282 870
282 1038
282 753
282 1158
282 656
283 1078
284 965
284 346
285 1135
286 351
286 840
286 1281
286 305
286 866
287 569
287 330
287 573
287 918
287 1251
288 1494
288 425
288 751
289 623
289 1387
290 1370
291 870
291 1375
291 1372
291 679
291 672
291 503
291 1399
291 718
292 1166
293 318
293 642
293 1157
294 534
294 1376
294 787
295 1107
295 984
295 1137
295 1104
296 1323
297 1461
298 560
298 1423
300 525
300 907
300 637
301 1277
302 1364
302 944
303 810
304 971
305 1062
306 501
307 866
307 704
307 400
307 467
307 1253
307 532
307 707
307 498
309 870
309 724
309 1072
309 959
309 1349
310 639
310 1327
310 1413
310 344
311 1156
312 400
313 848
313 1426
313 566
314 395
314 1101
314 507
316 1278
316 1015
318 1398
318 1428
319 898
319 1170
319 478
319 628
320 744
322 472
322 933
323 1056
323 1352
324 518
324 350
326 699
326 1240
326 1255
326 386
326 1317
326 535
327 494
327 1144
328 892
329 560
330 474
331 411
331 475
331 1260
331 1409
331 723
332 763
332 801
333 1089
333 1029
333 1214
334 796
334 917
335 683
336 395
337 555
337 737
337 729
338 1083
339 668
339 1274
339 930
340 707
341 984
341 450
341 903
341 892
342 1409
342 595
343 1475
343 1304
343 903
345 1457
346 431
346 806
346 1006
346 809
346 1188
348 506
348 1440
349 1373
350 551
351 477
351 449
351 1258
352 829
352 587
353 360
353 963
354 468
354 471
355 1355
356 577
357 1039
358 1056
358 1104
359 803
359 1486
359 1459
360 727
360 987
360 1179
361 1216
361 1134
362 407
362 484
363 1031
363 645
364 1262
365 463
365 1391
365 1079
366 968
366 483
366 1132
367 1038
367 876
367 762
368 386
369 721
370 567
371 1381
371 799
371 588
371 535
371 626
372 859
372 1061
372 642
373 885
374 1076
374 675
374 429
374 463
374 939
374 1067
375 856
375 1151
376 896
377 1014
377 869
379 1138
379 1430
380 447
380 638
380 384
380 529
381 1413
381 530
381 816
381 1146
382 599
383 1399
383 610
384 875
384 608
385 797
386 542
386 996
388 432
388 866
388 525
388 1149
388 995
388 453
389 650
390 468
390 938
390 547
391 1151
391 1137
392 1162
393 769
394 873
395 566
395 1160
395 1203
396 1269
397 1055
397 642
397 519
399 673
399 922
399 1094
400 1134
400 1303
401 991
402 1482
402 1009
403 1317
403 1267
405 1351
405 1093
406 1047
406 781
406 1093
407 1074
407 1236
408 681
408 1023
409 1430
409 1402
409 1342
410 815
410 1277
411 1156
411 881
411 1222
411 1080
411 930
412 1244
412 749
412 1396
412 554
412 737
413 1198
413 1453
414 891
415 725
415 711
415 850
415 915
415 459
415 541
416 1298
416 996
417 1428
417 1233
417 1253
417 888
418 569
418 1328
418 964
418 1324
419 1275
420 454
421 592
421 1339
421 1462
421 1377
422 1331
423 1263
423 1182
424 673
424 1099
424 1334
424 1407
425 1244
425 1413
426 1116
426 1253
427 601
428 753
428 1477
428 914
429 611
429 955
430 683
430 551
430 1122
430 464
430 486
431 440
432 904
432 1039
432 1283
432 1497
432 951
433 1069
433 993
433 921
433 491
434 684
434 665
434 1229
435 444
435 1166
436 1400
436 948
437 1402
437 791
437 665
438 1074
438 1142
439 462
440 834
441 650
443 695
443 992
443 1039
444 1209
444 1304
444 1326
445 926
445 1391
445 1027
445 542
446 1257
447 888
447 1195
447 1297
447 787
448 820
448 708
449 874
450 816
451 1419
452 1199
452 1450
454 996
455 1032
455 1011
456 482
456 1276
457 1073
457 621
458 525
459 864
459 544
460 669
460 981
460 942
460 761
461 913
461 1467
462 1493
463 1407
464 1164
465 1269
465 1482
465 1434
465 902
466 1033
467 1227
468 1449
468 835
469 996
469 1414
470 573
470 1334
470 713
470 841
471 1033
471 1369
472 1198
473 573
475 1026
476 983
477 719
477 862
478 550
478 1045
479 1472
479 584
480 623
481 750
482 1147
482 1136
482 1408
483 547
483 828
484 860
485 923
487 659
487 975
488 1162
490 899
491 1453
492 891
492 736
492 591
493 1350
493 1304
494 967
495 904
495 1397
496 803
497 746
497 1279
499 1181
499 1054
500 925
500 1398
500 1084
500 996
500 1184
501 904
501 926
501 1063
501 700
502 1359
502 911
503 704
503 827
503 1247
503 706
503 830
504 577
504 587
504 1099
505 637
505 549
506 719
506 1235
506 924
507 929
508 520
508 628
508 940
509 1051
509 1153
509 609
510 1392
511 904
511 661
512 1310
512 671
513 1399
514 1273
514 1120
515 1327
516 746
516 1129
516 852
517 920
518 890
519 937
520 650
521 781
522 1327
523 1289
524 1437
524 595
524 993
525 819
525 1383
525 1422
526 1314
527 789
528 913
528 1139
530 1403
530 708
531 720
533 1227
533 946
533 1426
534 1436
536 1370
536 760
536 856
536 1078
537 1204
538 1070
539 1385
540 862
540 615
540 1123
540 927
541 690
542 548
544 704
545 1413
547 849
549 729
549 776
549 1323
550 1047
551 922
551 977
552 794
552 1104
553 881
554 1054
555 1006
555 778
557 1409
558 738
558 589
560 1372
560 974
561 757
561 823
562 1312
562 572
563 932
564 1070
564 647
564 1206
564 1319
564 1194
565 621
565 1053
565 619
566 1075
566 630
567 1280
567 1087
567 1457
567 1369
568 721
569 788
569 936
570 676
571 1342
571 606
571 1371
572 1317
573 768
573 1377
574 1443
574 1361
575 967
575 752
576 1423
577 1468
578 1049
579 1038
579 603
579 1291
580 661
580 586
581 1310
581 1270
581 780
582 604
582 861
583 1418
584 691
584 1018
584 1084
586 1396
586 1333
586 1211
587 949
587 775
588 1033
588 1182
589 1437
589 824
589 1176
589 1397
589 911
590 886
591 1052
593 1156
593 848
593 657
594 749
595 1219
595 942
595 1280
596 857
597 907
597 1418
597 1362
598 1020
598 889
598 954
598 1277
598 828
598 720
599 880
599 769
599 892
600 988
601 704
601 1499
602 1124
603 652
604 1339
605 615
606 1085
606 825
606 661
607 1309
607 1333
607 829
607 1173
610 1389
610 1374
610 1001
612 1466
612 879
612 1037
613 1397
614 1434
614 1167
616 709
616 1333
616 734
617 694
617 665
618 1394
619 623
619 1232
620 1444
621 1442
621 912
621 956
621 1190
621 688
622 681
623 935
623 632
623 1066
624 1110
625 799
625 1028
626 1156
626 1141
626 829
626 1110
627 1155
627 748
628 849
628 825
628 1082
629 1351
630 660
630 1394
631 638
631 1307
632 660
633 779
633 1027
634 917
635 890
636 957
637 686
638 676
640 863
641 1238
642 764
642 1293
642 901
643 1112
643 766
644 911
644 1337
645 1215
645 664
645 1447
645 894
646 1166
646 1186
646 920
646 810
648 922
648 721
648 982
648 1077
648 1476
649 1314
649 1022
650 1462
650 780
650 1352
651 1113
654 742
655 1103
656 1002
657 1174
657 1410
657 990
658 760
658 1403
659 898
659 1465
660 833
661 1062
662 1448
662 738
663 1364
664 1119
664 900
665 825
665 1471
666 1392
666 949
667 1385
668 1310
668 735
668 874
668 1431
668 929
669 866
669 997
670 1384
671 1220
671 1317
672 854
672 1444
674 1049
675 1042
675 1245
676 1355
676 822
678 905
678 1001
679 1474
679 1494
680 1074
680 785
681 891
681 1388
682 985
683 866
683 1345
683 1210
683 756
683 1262
684 1475
685 784
686 708
687 723
688 1188
689 860
690 1148
691 733
692 1094
693 1266
694 1024
694 1428
695 891
695 734
696 904
696 826
696 1140
697 1390
697 1496
697 1307
697 916
698 1054
699 891
699 1397
699 863
699 1139
700 1171
700 1257
700 1234
700 1339
701 1073
702 776
703 943
703 764
704 932
704 1402
708 1353
709 864
710 891
711 1475
711 1265
711 1102
711 1444
711 1237
712 1015
712 734
713 1405
713 959
714 821
714 894
715 866
715 1074
715 905
715 1096
716 1411
717 1170
718 1076
718 747
720 761
722 1460
723 1032
726 988
726 1326
726 812
727 753
728 891
728 1277
729 855
729 1051
729 843
731 851
731 1137
731 1038
732 1212
732 1130
733 1043
733 1421
734 1473
735 1360
735 1319
738 1252
740 848
740 910
740 1275
740 1158
741 814
743 1328
743 1067
743 833
743 815
744 1429
745 1496
746 796
747 1422
747 1491
748 960
748 863
748 1020
749 1402
750 915
750 1488
750 815
750 994
751 1435
754 1034
754 1250
754 1021
755 1231
755 902
755 1470
757 920
757 1377
758 1434
758 1304
761 1193
764 795
765 975
766 1285
767 1167
767 1137
769 816
770 817
770 1409
770 1371
770 1050
771 1231
772 1080
772 782
772 1322
772 1445
773 1094
775 1074
777 870
778 1237
779 1398
779 1095
780 1137
780 1391
780 1171
783 1262
783 1406
784 1343
785 1384
785 1027
786 1468
787 1414
787 1445
787 1417
789 1458
790 1303
790 1389
790 1414
792 1126
792 1344
792 1361
792 1290
793 946
794 858
796 1242
796 1016
797 1148
800 878
802 862
802 1116
803 1465
804 1035
805 1370
807 1112
807 964
808 935
808 945
809 1321
810 811
811 934
812 1082
813 1255
814 1415
815 1298
815 1473
817 1174
817 1492
817 1448
818 1346
819 1111
820 1170
821 1369
821 1275
821 991
821 1468
822 873
822 1076
822 1035
822 912
823 1300
823 1171
828 958
828 985
828 1067
828 1380
832 1399
832 1317
833 838
833 1424
833 1106
834 1198
834 1138
834 1475
834 1314
835 1099
837 1262
838 1137
838 883
839 1241
839 952
842 931
845 1238
845 1067
846 1210
846 1338
846 883
846 1299
847 1384
847 1413
847 1037
849 1325
849 1497
850 1310
850 1437
851 1343
851 859
853 970
854 1005
855 904
855 1231
855 1412
855 1251
856 1458
858 1427
858 1037
859 1423
860 1221
862 920
862 956
862 1277
864 1396
864 1125
865 1198
865 1274
866 1124
866 1314
866 1301
867 1364
869 892
870 904
870 941
870 1482
870 968
870 943
871 1043
872 1280
872 1463
873 1118
874 1046
876 1484
877 1113
878 1443
878 1013
880 1118
880 1202
880 1010
884 964
887 1337
888 941
888 890
888 1073
889 1304
890 1254
890 1128
892 1140
893 1247
893 1294
895 1052
896 1419
896 1174
898 1466
899 1048
899 1275
901 1165
901 1308
904 1466
904 1203
904 944
904 1347
906 1203
906 962
906 1232
906 1254
907 1001
908 968
909 944
910 1163
912 961
912 1415
912 1189
913 1303
913 1450
914 1246
914 1253
915 1263
917 1424
917 1188
917 1459
917 1472
919 1115
919 1454
922 964
923 1381
923 1050
925 1098
925 1136
925 1177
927 1191
928 994
929 1491
930 1184
932 1159
932 1140
935 1332
935 1208
937 952
939 989
941 1381
941 967
941 1015
942 1070
942 1106
944 1117
944 1398
945 1075
945 1220
947 1117
948 1482
949 964
949 1140
949 1447
949 1137
949 1305
949 1481
950 1457
950 1123
953 1402
954 1428
954 1332
955 1400
957 1477
958 1345
958 1442
958 1006
959 1126
961 1369
963 1203
963 1033
963 991
963 1021
964 1266
964 1444
964 1296
964 1357
965 1227
965 1211
965 1304
968 1384
969 1266
970 1190
970 1398
971 1256
972 1308
972 1248
972 1143
972 1499
972 1358
973 1170
974 1334
974 1111
975 1227
975 1402
977 1081
977 1037
978 1310
979 1461
983 1274
985 1166
985 1136
985 1362
986 1444
986 1280
988 1288
989 1318
990 1034
991 1022
993 1059
994 1231
994 1417
994 1128
995 1445
995 1448
996 1278
998 1271
999 1049
999 1301
1000 1426
1001 1412
1005 1398
1006 1382
1006 1397
1007 1174
1007 1439
1010 1214
1010 1500
1012 1182
1013 1090
1015 1241
1016 1230
1017 1289
1017 1248
1017 1272
1018 1296
1019 1266
1019 1441
1021 1437
1025 1338
1027 1377
1028 1347
1029 1291
1029 1437
1029 1347
1029 1172
1031 1455
1031 1184
1032 1168
1032 1180
1033 1113
1034 1038
1035 1183
1036 1370
1038 1286
1038 1295
1038 1356
1040 1351
1041 1234
1043 1367
1044 1497
1044 1207
1045 1486
1047 1140
1049 1482
1050 1471
1050 1146
1052 1392
1052 1317
1052 1232
1053 1220
1055 1298
1056 1419
1058 1130
1060 1185
1060 1489
1065 1224
1067 1423
1068 1455
1069 1475
1069 1134
1070 1456
1071 1163
1072 1333
1074 1369
1074 1278
1075 1459
1076 1288
1076 1264
1076 1180
1079 1471
1081 1427
1082 1350
1084 1133
1084 1296
1084 1420
1085 1273
1088 1457
1091 1278
1092 1410
1093 1333
1094 1411
1096 1305
1098 1362
1098 1177
1099 1322
1100 1302
1103 1324
1104 1416
1104 1345
1105 1121
1107 1390
1108 1273
1108 1284
1110 1285
1111 1364
1112 1345
1112 1408
1112 1198
1112 1465
1112 1167
1113 1468
1114 1120
1115 1257
1115 1341
1116 1276
1117 1175
1120 1201
1122 1145
1123 1366
1125 1356
1125 1490
1126 1162
1126 1451
1127 1397
1129 1483
1129 1193
1129 1146
1134 1427
1134 1143
1135 1302
1136 1205
1136 1464
1138 1471
1140 1157
1140 1173
1140 1307
1145 1287
1145 1271
1147 1349
1148 1149
1148 1424
1148 1445
1149 1292
1151 1387
1152 1426
1152 1465
1152 1450
1154 1495
1161 1492
1166 1375
1166 1392
1166 1194
1166 1468
1167 1461
1169 1423
1174 1485
1174 1353
1175 1235
1178 1334
1180 1414
1180 1487
1181 1394
1183 1458
1189 1343
1189 1197
1191 1386
1191 1277
1196 1423
1198 1312
1198 1400
1200 1286
1201 1333
1201 1253
1202 1405
1203 1414
1204 1217
1209 1227
1210 1482
1212 1298
1212 1358
1212 1285
1215 1482
1216 1239
1218 1439
1219 1369
1219 1223
1222 1391
1222 1451
1225 1495
1226 1311
1226 1276
1227 1323
1230 1330
1232 1437
1238 1273
1239 1266
1239 1423
1239 1452
1240 1351
1241 1487
1242 1310
1242 1385
1242 1306
1243 1344
1243 1414
1248 1333
1248 1251
1249 1427
1253 1443
1255 1495
1255 1386
1259 1479
1260 1465
1262 1357
1268 1495
1268 1358
1275 1465
1277 1413
1280 1460
1280 1313
1284 1468
1285 1379
1288 1461
1292 1356
1296 1392
1297 1481
1298 1477
1301 1430
1303 1402
1303 1321
1304 1359
1304 1444
1307 1347
1310 1375
1310 1359
1314 1479
1315 1402
1316 1325
1319 1430
1320 1486
1321 1377
1324 1465
1329 1370
1329 1447
1329 1399
1331 1348
1334 1367
1335 1426
1336 1413
1340 1485
1343 1375
1343 1434
1348 1396
1354 1485
1363 1397
1364 1461
1364 1433
1369 1447
1375 1402
1375 1378
1375 1377
1377 1446
1385 1422
1392 1449
1396 1480
1413 1456
1413 1426
1416 1482
1420 1457
1437 1446
1481 1482
