2000 2598
1 1672
1 188
1 1664
1 1946
2 1782
2 265
2 1724
2 188
2 1758
2 576
2 227
3 1771
4 217
4 516
4 15
4 1019
5 662
6 908
6 1111
6 1342
6 1139
7 1342
7 102
7 1715
7 1787
8 874
8 787
9 150
9 875
9 876
9 1903
9 934
10 489
11 1571
11 372
12 1937
12 388
12 426
13 715
14 1305
14 1747
14 1308
14 302
16 303
16 1141
17 905
18 1753
18 491
19 1325
20 620
20 1120
20 1246
20 671
20 1850
21 1694
22 255
23 1276
23 254
24 964
24 830
25 512
26 114
27 896
27 254
28 574
28 780
28 658
29 481
29 398
30 887
30 1783
31 1292
32 1454
33 537
33 942
34 1542
35 1138
36 1034
36 718
36 275
37 290
38 679
39 307
39 1179
39 1443
39 1558
40 1632
40 1863
40 1085
41 843
41 1308
41 1690
41 1761
42 1131
42 1956
43 482
44 737
44 1220
45 1656
45 1353
45 1189
45 225
46 1574
46 769
47 349
47 1578
48 1050
48 1284
48 802
49 1928
49 1174
50 1226
50 710
50 334
50 576
50 120
51 648
51 108
52 194
52 1714
53 989
53 827
54 1981
54 1788
55 1723
55 841
56 1397
56 1396
57 1050
57 452
57 746
57 181
58 1172
58 1170
58 1012
59 577
59 493
59 1241
59 1635
59 1288
59 1944
60 1336
60 106
60 932
60 1862
60 130
60 1325
60 1075
60 1494
61 307
62 773
63 818
63 1938
64 1144
65 1081
65 286
65 1839
65 374
66 1405
66 366
66 1579
66 265
67 1110
67 1632
67 508
68 1219
68 205
69 1374
69 837
69 1399
70 833
71 1574
71 832
71 1649
71 636
72 1386
72 1070
73 647
74 1654
75 1792
76 1660
76 1609
77 507
78 497
78 519
79 557
80 165
80 455
80 208
80 258
80 1685
80 116
80 1703
81 461
82 1835
83 1429
83 432
84 1880
84 1950
85 1549
85 232
85 897
85 459
86 1018
87 1888
87 1277
88 271
89 1445
89 255
90 1519
91 867
91 725
91 1529
92 1693
92 157
92 535
93 1511
93 1520
94 483
95 1451
95 968
96 1433
97 1630
98 1926
98 985
98 1431
99 1398
100 1237
100 1296
100 1701
101 1487
103 1171
104 152
104 549
105 1663
105 1924
105 1117
105 1341
106 856
107 732
109 1401
109 661
110 347
110 1307
111 1150
112 322
112 1441
112 1371
112 1536
112 131
113 1076
113 676
113 1564
113 1903
113 1810
114 216
115 1610
115 1699
115 588
115 1320
116 1848
117 916
117 1093
117 1232
118 584
118 1147
119 898
119 1159
119 1373
120 1622
120 1058
120 1449
121 198
121 802
122 378
122 1156
123 885
123 182
124 546
125 1397
125 501
125 1053
126 916
127 1323
127 719
128 1362
129 922
130 1120
130 855
130 434
130 1807
130 217
130 273
130 1728
130 830
131 1335
131 843
131 1822
131 373
131 818
131 628
131 1080
131 609
132 667
133 1804
133 307
134 1766
134 633
134 270
135 1663
136 757
136 851
136 582
136 1567
136 1970
137 890
138 790
138 189
138 490
138 1006
139 967
139 1488
139 1507
140 770
140 1978
141 1091
141 895
142 1506
143 363
144 1958
144 1496
145 966
146 336
147 664
147 983
148 1076
148 285
149 1904
149 1061
150 1035
150 612
151 839
152 975
152 238
152 1769
152 176
152 1923
152 1774
152 1531
153 265
153 1721
154 357
154 1736
154 694
154 1038
155 993
155 1696
156 706
158 471
158 1228
158 912
159 1219
159 171
159 1161
159 1741
160 259
161 1387
161 793
161 664
162 273
163 455
163 375
163 1412
164 1158
165 1418
165 1832
165 1397
166 354
166 639
166 1304
166 1513
167 1650
168 194
169 922
170 1622
170 794
171 377
171 1855
172 1034
172 1982
173 1723
173 694
174 231
175 1067
177 1239
177 1568
177 1850
177 629
177 192
178 666
178 894
178 237
178 897
178 1396
179 620
179 310
180 1916
181 1632
181 418
181 480
182 1822
183 1191
183 1915
183 597
184 1715
184 1498
184 1509
185 1807
185 393
185 594
185 1477
185 987
185 355
185 1577
186 1814
187 1690
187 1192
187 1701
188 1131
188 1808
188 1533
188 1932
188 1067
188 1297
188 1929
188 835
189 1900
190 1440
190 433
190 1290
190 1960
191 812
191 992
191 973
193 683
193 724
194 1229
194 716
194 954
195 1371
195 659
196 737
196 820
197 358
197 1329
197 1512
197 1285
197 1237
197 410
197 616
197 1467
197 1452
198 1413
198 1796
198 903
198 592
199 1157
199 784
199 1331
199 795
199 549
200 292
200 339
201 1283
201 1134
201 478
201 1199
202 1408
202 273
203 1418
204 822
204 1079
205 882
206 1974
206 956
207 1374
207 1848
207 1034
207 435
208 1458
208 342
208 1724
209 1226
209 1044
209 1806
210 1505
211 1543
212 879
212 1230
213 1954
213 1593
214 943
214 1369
215 1622
215 794
216 693
216 1134
216 723
217 1335
217 482
217 471
217 711
217 461
217 1920
217 1137
217 1022
218 975
218 725
218 752
218 479
219 461
219 656
220 1707
221 1747
221 728
222 415
223 1239
223 1902
223 392
224 757
224 1610
224 703
224 1381
225 231
225 1808
225 1619
226 1238
226 1701
226 1370
227 1769
227 1196
228 694
228 315
228 1397
228 1307
229 1972
230 1247
231 919
231 1762
232 542
233 1313
233 1556
234 409
234 343
235 1329
235 693
235 1097
236 1090
236 1951
237 1397
237 884
237 802
237 354
237 1391
239 1289
239 603
240 278
241 1276
242 1268
243 1153
243 1211
243 1283
244 516
244 859
245 1119
245 526
246 1157
246 444
247 1155
248 911
249 1336
250 1876
250 1718
250 407
250 1339
250 514
250 898
250 1676
251 1972
252 719
253 1963
253 1916
253 1259
253 555
254 1456
255 1456
256 604
257 1838
257 442
257 409
257 1979
258 1701
259 609
260 492
261 705
261 1947
262 1521
262 288
263 662
264 1632
264 1320
264 1384
264 1463
264 1801
264 1006
265 580
265 487
265 399
266 1322
267 1656
267 1840
267 1915
267 1716
268 1637
268 1063
269 688
269 981
269 1807
269 1699
269 1134
269 1037
271 1678
271 1774
272 1511
272 307
272 562
273 1186
273 376
273 1326
273 1652
273 1800
273 1617
274 338
276 1434
277 377
277 898
277 950
278 641
279 1855
279 1240
279 1605
279 1084
279 282
279 809
279 1490
279 1543
279 1735
279 1479
280 1240
280 1037
280 939
281 324
281 1994
281 1031
281 687
282 1092
282 1572
282 1310
282 567
283 688
283 749
283 414
283 1756
284 531
284 790
285 1627
285 1855
286 1589
287 1497
288 298
289 1901
290 907
291 322
291 1401
291 960
291 1836
292 800
292 1765
292 1749
292 947
293 584
293 384
294 1374
294 1812
295 1920
295 1914
296 683
296 332
297 1506
298 1387
298 1330
298 1429
298 1532
298 1437
298 983
299 693
299 629
299 991
300 473
300 1029
301 1822
302 953
303 1702
304 1521
304 1326
305 1727
305 1823
305 848
306 510
306 1027
307 1643
307 1808
307 676
307 662
308 1032
308 1374
308 1349
308 1133
308 578
308 1190
309 1237
309 1471
311 1308
311 1112
311 1194
311 1933
312 1180
313 1383
314 1466
316 1262
316 1288
316 778
316 758
317 1505
317 1261
317 816
318 850
318 390
319 1622
319 734
320 661
320 1708
321 694
321 1876
321 1095
321 436
322 1920
322 1639
322 1577
322 1643
322 1375
322 417
322 1697
323 1488
324 1771
324 721
324 1364
325 457
325 1955
325 1272
325 898
325 983
325 583
326 1182
326 720
327 692
327 1155
327 552
328 476
329 1145
330 640
330 390
331 529
331 665
332 1869
333 574
334 1686
334 1079
335 353
336 1075
337 1876
338 926
339 1221
339 1796
340 1218
340 1115
340 1202
340 1148
340 996
341 1152
342 1503
342 1375
343 823
344 1431
344 670
344 1732
344 810
345 1727
346 1131
346 1034
346 1387
346 531
346 437
346 727
347 439
347 1638
347 1713
347 1130
348 439
348 1367
349 924
350 587
350 435
350 1183
351 1026
351 631
351 1932
351 1924
351 1165
352 1471
352 526
353 1374
353 858
353 394
353 363
353 1874
353 1233
353 1464
353 1108
354 1122
354 1160
354 958
355 892
355 1464
355 715
356 1226
357 1035
357 405
358 396
358 792
358 1343
358 1635
358 717
358 422
359 1642
360 1702
361 1215
361 1801
361 854
361 1174
361 1748
361 764
362 1295
363 1732
363 883
363 1807
363 1449
364 411
365 1869
367 397
368 1046
369 1606
370 1095
371 1084
371 1924
373 1341
373 1626
374 1224
374 1370
374 938
374 1320
374 1207
375 1924
375 1997
375 1436
375 500
376 661
376 1452
378 1074
378 548
379 1878
379 1315
380 1329
380 800
380 1421
380 381
381 1861
382 1635
382 1973
382 474
383 928
385 1819
385 395
386 651
386 1947
387 771
387 744
387 1364
387 462
389 1959
390 1338
390 1963
390 744
390 1468
390 1694
390 1547
390 1822
391 1696
391 866
393 588
394 1235
396 940
396 757
396 1949
396 1748
396 1445
396 982
396 443
397 666
398 1832
399 420
399 484
399 1825
399 776
399 1312
400 932
400 1968
400 963
401 546
402 1707
402 637
403 1608
404 1438
404 990
404 752
406 732
406 1598
406 1809
406 1716
408 573
409 704
410 1223
411 1574
411 1494
411 1455
411 754
412 1571
413 1001
413 1931
415 696
415 906
416 489
417 1025
418 1304
418 1642
418 1241
418 548
418 1189
418 831
419 1016
420 1239
420 1123
420 877
420 1158
420 1784
420 1937
421 911
421 545
421 539
421 1956
421 1031
423 1470
424 1309
424 1881
424 1350
425 439
425 924
427 745
428 1580
429 515
429 931
429 1962
430 1558
431 1668
434 1573
436 1972
436 706
437 1248
437 1309
438 1219
439 1855
439 940
439 1723
439 748
440 1310
440 1891
440 1087
440 1770
441 1349
442 1041
442 900
442 997
443 1246
444 1303
444 662
445 1464
445 1761
445 1815
445 1656
446 624
447 843
448 1367
449 803
450 975
451 1441
451 1299
451 971
451 1449
453 898
453 1634
454 1638
454 1787
455 1001
455 1603
456 646
456 1361
457 1513
457 1113
458 1241
459 901
460 574
460 473
461 489
461 869
461 646
461 547
462 1226
463 710
463 1996
463 1070
463 1639
464 1228
464 821
464 1233
464 1373
465 1825
466 1398
466 943
466 1858
466 961
466 699
466 1200
467 1056
468 1247
469 657
469 765
469 1583
470 1680
470 594
471 982
472 628
473 625
475 818
475 1894
476 926
476 1529
476 1125
477 1880
477 1907
477 488
478 1561
478 1653
478 1012
478 1027
479 1314
480 768
481 1524
481 663
482 558
482 1559
482 1943
483 757
484 1620
485 872
486 1444
487 699
487 1997
488 1396
489 1623
489 1039
491 1010
492 1622
492 764
493 1828
494 1977
494 1728
495 693
495 1658
496 822
496 701
496 571
496 1493
496 1170
497 1335
497 1734
497 1174
497 1774
498 1741
498 1976
499 1876
499 513
500 754
501 1487
501 1302
501 1064
502 1244
502 1486
503 948
504 1210
505 1897
505 1893
505 583
506 1727
506 857
506 1566
507 1090
507 1134
507 1166
507 1254
507 1185
507 1069
509 843
509 950
509 1167
510 898
510 1853
511 1623
512 1425
512 1690
512 660
512 1821
513 1392
515 766
515 642
515 595
515 1508
516 983
517 757
517 1606
517 1017
517 1500
518 1003
520 1451
521 1482
521 1250
521 1690
522 1358
523 1537
524 983
524 1389
524 1449
525 1247
525 1986
526 703
526 1715
526 813
527 1377
528 1600
528 975
528 1267
528 1354
529 530
529 602
530 940
530 1348
530 1318
530 1102
530 681
530 599
530 1164
531 1712
531 1197
531 1603
531 1758
531 900
531 1079
531 1035
532 1694
533 999
534 1964
534 1038
534 1584
534 701
536 1689
537 684
537 1499
538 1259
539 1114
539 628
539 1387
540 591
541 1908
542 1080
543 1782
543 1654
543 1510
543 1066
543 1698
544 1067
544 1984
546 1264
547 734
548 1506
549 1080
549 1798
550 1933
551 1580
553 1500
553 1029
553 834
554 620
554 1053
555 1215
556 1507
557 1887
557 1807
557 1201
557 1174
557 887
557 1850
559 1137
560 1229
561 781
561 1079
562 702
562 1633
563 675
564 1389
565 1804
565 891
566 1349
566 1693
566 1379
566 783
568 737
569 1543
570 1552
571 1029
571 1360
571 1839
572 960
572 1392
573 1397
573 702
573 1083
574 680
574 1274
575 1804
575 870
576 725
576 1855
577 688
577 1668
577 725
577 1537
577 695
577 618
578 1468
578 709
579 1207
580 864
580 1301
580 1151
581 1782
581 1990
581 1583
582 1544
584 703
584 1795
585 1744
585 594
586 1463
587 1500
587 1899
587 1829
587 1523
588 1936
589 1076
589 842
589 818
589 1102
590 753
591 1349
592 1496
593 1822
594 1698
594 1935
594 619
594 1406
596 1844
597 1213
597 948
597 678
598 1497
598 798
598 1567
598 750
600 799
600 1519
600 1160
601 1750
601 978
604 1438
604 619
604 1356
605 723
606 1560
607 1885
608 1343
608 1008
609 1237
609 829
610 1678
611 798
613 1582
614 1652
615 1244
617 919
617 1314
617 804
618 1391
619 840
619 1676
619 1467
619 1762
620 1675
620 770
620 1614
620 1515
621 903
621 959
621 1116
621 1334
622 1158
622 728
622 1360
623 732
623 1216
623 1874
623 908
623 1251
623 1211
623 1557
624 1815
624 1715
624 1915
624 913
626 1977
627 1200
627 1098
628 1117
628 1301
629 1207
629 918
629 1468
630 721
630 1580
632 1497
632 1387
634 1329
634 1477
634 1842
635 1980
638 1240
638 1473
638 1211
639 756
639 1796
639 1242
639 1425
640 1142
641 1262
641 1340
642 1792
642 1594
642 1946
643 1821
643 1070
644 1990
645 1181
646 1318
647 1409
648 929
648 1021
649 943
649 1078
649 1655
649 1729
649 1851
650 741
651 1131
651 1861
651 1793
651 1390
651 1002
652 1698
653 877
654 1109
655 673
655 1929
655 884
655 1430
655 1268
656 1477
656 1918
656 1986
656 746
657 1981
657 1924
657 977
658 1747
658 1663
659 1252
661 1231
661 1068
664 1448
666 1920
667 1819
668 1605
668 836
669 1952
670 767
670 1085
672 1772
673 1983
674 1838
675 1804
675 1428
676 775
677 998
679 1200
680 1075
681 1701
682 749
683 766
683 829
684 940
684 1884
684 1871
684 1111
685 1505
686 1307
686 1188
688 1239
688 874
688 1291
688 1181
689 1542
690 1559
691 1224
691 1119
692 1222
692 1127
692 937
693 1915
694 1408
695 1745
696 1696
696 1376
696 1526
696 863
696 1086
697 1959
698 1605
698 808
700 1518
701 1866
701 1506
701 1080
701 1489
702 1273
703 1244
703 712
703 964
705 1983
706 744
706 1956
706 868
706 823
707 1786
707 1397
708 865
709 1177
709 1758
709 767
710 1558
710 1678
710 819
710 1676
712 1640
713 1529
714 1417
714 909
714 1178
714 1135
715 1961
715 1293
716 1451
716 1650
716 735
718 1217
718 1270
722 1405
723 1237
723 1627
723 957
725 731
725 1155
725 776
726 1600
726 934
728 1118
728 1436
729 1642
730 1632
730 994
731 1235
732 1239
732 1772
733 977
733 1518
733 1546
734 1744
734 1278
736 1866
736 1059
737 1955
737 1666
737 1965
737 1453
737 1758
738 1704
739 1898
740 941
740 1975
740 1183
740 916
740 1148
741 1306
742 1968
742 1203
743 1925
743 1400
743 1504
744 1365
744 755
744 1801
744 898
744 1666
744 1868
745 1748
747 1464
748 1524
748 1796
750 1127
751 877
751 983
751 1235
751 1742
752 1218
752 1691
752 1719
753 1696
753 814
753 801
754 1679
756 1400
757 1103
759 1672
760 1219
761 909
761 1104
761 1605
761 1383
761 1552
762 1464
762 1482
763 892
763 1325
764 1666
765 1014
765 1747
765 1180
765 1642
766 1409
766 1351
766 1857
766 1342
766 904
768 1639
768 896
769 1187
771 1134
772 1518
773 791
774 1111
776 942
777 1865
777 1168
778 1856
779 1576
781 792
781 977
782 1689
785 1370
786 1211
786 861
788 1161
789 1987
791 1571
792 1534
793 1912
794 1134
794 1740
795 1469
795 1789
795 1333
795 1378
796 1449
797 988
799 1110
799 1625
799 1808
799 1903
799 1797
799 1629
800 1771
802 1303
802 1482
802 1605
802 1112
803 1959
803 1736
805 1577
806 985
807 1044
807 1932
808 1863
808 1461
808 1181
809 989
809 1424
810 1915
811 1226
812 1397
812 1062
812 1554
813 1154
815 958
817 1709
817 1826
818 1887
818 1959
818 1163
818 1808
820 1160
821 1042
821 1942
821 1694
822 1695
822 1491
822 1215
823 1745
823 1108
823 1162
824 937
825 1483
825 1569
826 1420
828 1268
828 1026
828 1225
829 941
829 1386
829 1114
831 1709
832 1182
832 1426
833 1078
833 1992
833 1360
834 1864
834 1675
835 1954
835 836
835 1706
836 1460
838 991
839 919
844 995
845 1813
846 1196
846 1847
847 1994
849 1323
849 1160
849 1784
850 1376
852 1378
852 1023
852 1683
853 1033
854 1226
854 1766
854 1957
854 1607
854 1976
857 1845
858 1585
860 1516
862 1309
864 1388
864 900
865 1066
866 1211
867 1897
867 1286
867 1378
867 1020
868 1014
868 1628
871 970
871 1468
872 1211
872 1834
873 890
873 1986
876 1477
876 1521
876 1077
877 1171
877 1435
878 1934
879 1157
879 1436
879 966
880 1983
881 1338
881 1621
883 1500
883 1007
883 1808
884 910
884 1809
884 1597
885 903
885 1798
886 1498
888 1874
889 1499
890 1926
890 1531
892 1687
893 1275
896 1988
898 1850
898 1215
898 1879
899 1920
899 1750
899 1009
900 1154
900 902
901 1631
901 1684
901 1935
903 1513
903 1865
903 1333
903 1157
903 1821
905 1652
905 1934
907 1635
908 1222
908 1980
908 1574
909 2000
910 1981
910 1940
911 1981
911 1404
911 1849
913 982
913 936
914 941
914 1255
915 1458
915 1331
916 1473
916 1337
916 1448
917 1445
919 1723
919 1247
919 1781
920 1109
920 1326
921 937
922 1614
922 1033
922 1094
923 1585
923 1711
924 1704
925 1244
925 1080
926 1903
926 1368
926 1003
926 1004
927 961
927 1570
928 1358
929 1868
930 1446
933 1526
933 1467
935 1275
936 1631
937 1746
938 1497
940 1397
940 958
940 1860
941 1131
943 1918
943 1292
943 1997
944 1429
945 1480
946 1837
946 1487
949 1731
949 1397
950 1043
950 1069
951 1663
951 1896
952 1460
953 1911
953 1413
953 1671
954 1785
954 1014
955 1285
956 1179
956 1929
957 1709
958 1075
958 1440
958 1110
958 1465
959 1644
960 1259
961 1804
961 1665
962 1917
964 1667
965 1812
967 1329
967 1076
967 1681
969 1801
969 1661
970 1295
972 1934
974 1100
975 1362
975 1760
976 1810
976 1012
978 1616
979 1542
980 1528
980 1948
982 1148
982 1803
982 1344
982 1366
982 1728
983 991
983 1563
983 1748
984 1095
984 1130
986 1804
986 1249
987 1674
987 1053
988 1590
989 1060
990 1763
991 1825
991 1281
993 1229
993 1032
993 1764
993 1420
994 1175
995 1625
995 1695
995 1599
996 1136
997 1622
997 1419
998 1378
998 1269
998 1290
998 1306
999 1572
999 1929
999 1571
999 1861
999 1620
1000 1062
1002 1067
1003 1218
1003 1695
1003 1656
1003 1029
1003 1792
1004 1652
1005 1295
1005 1407
1005 1448
1006 1329
1007 1403
1010 1975
1011 1239
1013 1744
1014 1615
1015 1451
1016 1853
1017 1852
1018 1723
1018 1575
1018 1357
1019 1497
1022 1603
1023 1682
1023 1561
1023 1905
1024 1046
1024 1607
1027 1080
1027 1408
1027 1779
1028 1335
1029 1918
1029 1646
1029 1747
1029 1334
1030 1193
1030 1363
1032 1549
1032 1282
1033 1868
1034 1623
1034 1067
1034 1469
1034 1134
1035 1329
1036 1568
1036 1776
1036 1700
1037 1740
1037 1921
1037 1816
1039 1415
1039 1464
1040 1621
1043 1127
1044 1811
1045 1567
1045 1160
1046 1131
1047 1473
1047 1706
1048 1419
1049 1152
1050 1635
1050 1659
1051 1734
1052 1920
1052 1096
1053 1882
1054 1289
1055 1699
1055 1128
1056 1166
1057 1157
1063 1935
1064 1195
1065 1199
1065 1705
1066 1576
1067 1941
1067 1191
1067 1906
1070 1652
1070 1331
1071 1605
1071 1817
1072 1680
1073 1363
1074 1413
1074 1631
1074 1628
1075 1323
1075 1987
1075 1539
1075 1177
1077 1946
1079 1600
1079 1483
1080 1755
1080 1886
1081 1549
1081 1209
1082 1450
1084 1908
1085 1735
1085 1953
1085 1588
1085 1259
1087 1416
1087 1699
1088 1417
1088 1153
1088 1922
1089 1451
1089 1565
1089 1997
1090 1897
1090 1294
1091 1488
1091 1251
1092 1913
1093 1485
1093 1726
1099 1742
1100 1451
1100 1550
1101 1320
1102 1200
1102 1680
1102 1731
1103 1564
1103 1212
1103 1860
1105 1336
1105 1780
1106 1519
1107 1669
1109 1542
1109 1991
1110 1150
1111 1326
1112 1640
1116 1382
1116 1868
1117 1374
1117 1181
1119 1296
1119 1120
1120 1464
1120 1854
1121 1358
1122 1464
1122 1199
1124 1460
1126 1411
1126 1604
1127 1493
1127 1915
1129 1909
1130 1301
1130 1553
1131 1229
1131 1335
1131 1408
1131 1222
1131 1417
1131 1819
1131 1972
1131 1492
1132 1785
1134 1295
1137 1401
1137 1923
1138 1798
1138 1708
1139 1801
1139 1810
1139 1400
1139 1515
1140 1259
1142 1771
1142 1824
1142 1311
1143 1662
1144 1157
1144 1624
1144 1446
1144 1208
1145 1413
1146 1636
1148 1672
1149 1657
1150 1535
1152 1904
1152 1489
1154 1911
1155 1708
1155 1241
1157 1418
1160 1744
1160 1257
1162 1989
1165 1606
1167 1269
1169 1831
1172 1256
1173 1398
1173 1861
1176 1940
1176 1410
1177 1295
1180 1329
1180 1514
1180 1581
1180 1892
1181 1428
1183 1812
1183 1709
1184 1529
1184 1189
1189 1861
1189 1614
1190 1277
1191 1460
1193 1749
1193 1304
1195 1495
1196 1599
1197 1482
1198 1934
1198 1480
1199 1418
1199 1743
1199 1890
1200 1708
1200 1391
1202 1752
1204 1417
1204 1719
1205 1614
1206 1907
1207 1429
1208 1751
1208 1212
1210 1837
1211 1925
1211 1374
1212 1652
1213 1454
1213 1875
1213 1317
1214 1508
1215 1633
1215 1738
1215 1375
1218 1408
1218 1500
1219 1857
1219 1477
1219 1484
1222 1662
1222 1345
1223 1553
1224 1901
1224 1976
1225 1257
1225 1957
1226 1512
1227 1638
1227 1305
1229 1240
1229 1398
1229 1687
1231 1514
1233 1351
1233 1783
1233 1684
1234 1909
1235 1409
1236 1488
1236 1944
1237 1652
1238 1417
1238 1800
1239 1855
1239 1600
1239 1689
1239 1830
1240 1513
1240 1920
1241 1312
1241 1701
1242 1833
1242 1321
1243 1451
1245 1897
1246 1960
1246 1529
1248 1271
1251 1487
1253 1858
1256 1286
1258 1376
1259 1751
1259 1838
1260 1822
1262 1418
1263 1397
1263 1484
1264 1519
1265 1649
1266 1507
1267 1319
1267 1607
1267 1707
1268 1623
1268 1527
1268 1442
1269 1277
1269 1874
1271 1290
1272 1433
1275 1818
1275 1474
1276 1749
1276 1794
1276 1885
1279 1336
1279 1909
1280 1909
1283 1387
1283 1846
1283 1465
1284 1482
1287 1670
1288 1422
1289 1908
1290 1972
1290 1629
1290 1541
1292 1796
1295 1949
1297 1891
1297 1947
1297 1755
1298 1980
1300 1301
1301 1603
1302 1696
1302 1673
1304 1397
1305 1870
1306 1358
1306 1331
1307 1949
1307 1737
1308 1542
1308 1392
1310 1954
1310 1758
1310 1552
1313 1635
1316 1582
1317 1364
1320 1699
1320 1757
1320 1619
1321 1924
1322 1513
1323 1581
1324 1765
1324 1467
1325 1587
1325 1995
1325 1608
1326 1348
1327 1530
1328 1723
1329 1821
1329 1904
1330 1501
1330 1601
1331 1758
1332 1454
1332 1502
1332 1548
1332 1547
1336 1635
1337 1801
1337 1403
1338 1408
1338 1952
1343 1925
1345 1530
1346 1858
1346 1622
1346 1669
1347 1650
1348 1551
1351 1778
1352 1384
1355 1556
1358 1375
1359 1849
1360 1831
1361 1538
1363 1511
1364 1477
1365 1897
1370 1939
1371 1854
1372 1745
1375 1820
1375 1586
1375 1492
1376 1692
1377 1716
1378 1969
1378 1841
1380 1794
1380 1481
1382 1457
1383 1401
1383 1658
1385 1669
1387 1818
1387 1733
1387 1833
1387 1592
1391 1619
1391 1545
1392 1925
1393 1506
1393 1597
1394 1863
1395 1594
1398 1716
1400 1495
1401 1657
1402 1781
1402 1748
1405 1571
1406 1440
1406 1633
1406 1890
1408 1897
1408 1663
1408 1799
1409 1639
1411 1508
1414 1964
1417 1533
1418 1819
1421 1728
1423 1509
1425 1605
1425 1434
1427 1435
1429 1753
1430 1797
1431 1701
1431 1841
1432 1871
1432 1516
1433 1967
1434 1769
1438 1513
1439 1508
1440 1887
1443 1906
1444 1577
1445 1571
1446 1701
1447 1529
1449 1769
1450 1474
1451 1715
1454 1880
1454 1786
1454 1456
1454 1916
1455 1466
1456 1915
1456 1632
1459 1853
1462 1636
1462 1522
1464 1966
1465 1602
1469 1956
1470 1652
1472 1879
1475 1895
1476 1522
1477 1742
1478 1798
1482 1808
1482 1747
1485 1617
1487 1972
1488 1528
1489 1771
1495 1930
1497 1935
1500 1958
1500 1916
1504 1768
1505 1945
1512 1513
1513 1694
1513 1974
1513 1648
1514 1698
1517 1569
1519 1940
1521 1528
1521 1712
1523 1699
1523 1937
1525 1878
1526 1664
1533 1983
1533 1935
1534 1725
1535 1676
1537 1827
1540 1747
1542 1964
1545 1866
1545 1814
1555 1945
1556 1898
1557 1906
1558 1928
1558 1874
1559 1919
1560 1994
1562 1950
1565 1699
1567 1916
1571 1781
1572 1878
1574 1866
1574 1710
1577 1637
1577 1775
1580 1873
1582 1805
1585 1715
1585 1717
1589 1971
1590 1782
1591 1799
1592 1814
1595 1748
1596 1954
1599 1866
1600 1720
1605 1838
1606 1691
1610 1981
1611 1849
1612 1894
1613 1623
1614 1917
1618 1765
1620 1924
1621 1977
1630 1917
1635 1759
1636 1638
1638 1754
1641 1750
1644 1730
1645 1723
1647 1878
1647 1677
1651 1751
1656 1976
1660 1680
1663 1773
1670 1782
1670 1872
1674 1804
1675 1880
1676 1899
1677 1832
1680 1866
1687 1866
1688 1868
1693 1791
1693 1888
1694 1695
1695 1911
1698 1855
1698 1861
1699 1796
1702 1920
1708 1832
1715 1821
1715 1975
1717 1727
1718 1739
1722 1938
1724 1956
1727 1986
1729 1843
1731 1748
1731 1779
1732 1877
1736 1932
1736 1767
1747 1824
1748 1998
1759 1859
1764 1925
1765 1874
1767 1785
1767 1927
1777 1833
1782 1866
1790 1878
1791 1889
1797 1876
1801 1812
1801 1924
1801 1834
1802 1861
1805 1829
1807 1879
1808 1924
1808 1858
1812 1985
1813 1838
1821 1986
1835 1933
1837 1986
1844 1945
1846 1929
1848 1855
1855 1926
1857 1916
1864 1904
1867 1966
1874 1945
1876 1892
1880 1986
1880 1903
1883 1952
1883 1956
1894 1986
1895 1941
1910 1944
1916 1975
1924 1975
1926 1936
1936 1993
1949 1983
1964 1981
1964 1999
