1000 1694
1 77
1 869
1 519
1 365
2 57
2 632
3 112
3 801
3 632
3 926
3 945
4 654
5 783
5 485
6 498
6 166
6 756
7 931
7 543
8 171
9 70
9 84
9 549
10 253
10 281
11 391
11 318
11 545
12 168
12 198
13 487
13 787
13 172
14 310
14 451
14 804
15 323
15 992
16 473
17 338
17 206
17 638
17 230
18 195
18 103
18 922
19 712
19 867
20 512
20 555
21 541
22 868
23 151
23 851
24 455
24 230
24 139
24 653
24 70
24 542
24 840
25 222
26 918
26 610
26 721
26 718
27 739
27 137
27 947
27 364
27 44
28 987
28 918
28 273
28 84
29 445
30 970
30 122
30 257
31 431
31 919
31 403
31 834
31 609
31 672
31 269
32 466
33 391
33 603
33 363
34 995
34 546
35 57
35 886
35 683
35 401
35 160
35 900
35 906
36 656
36 601
37 758
37 162
38 80
38 92
38 900
38 697
38 830
38 911
39 916
39 745
39 145
40 615
40 396
40 939
40 49
40 642
40 680
40 242
41 570
41 687
41 411
42 384
42 155
43 740
44 559
44 151
45 428
46 178
46 672
47 288
47 397
47 226
47 880
47 395
47 742
48 170
48 411
48 598
48 899
48 773
48 941
48 90
49 287
49 183
50 61
50 420
51 749
51 870
52 755
52 355
52 665
53 431
53 86
53 892
53 583
53 69
53 644
54 536
54 667
54 686
55 411
55 147
55 133
55 208
55 385
56 482
56 378
56 468
56 731
56 557
57 315
57 80
57 896
57 798
57 472
58 579
58 158
59 997
59 651
59 407
59 992
59 281
60 167
60 639
60 147
60 316
60 540
61 605
61 254
61 264
61 452
61 994
62 455
62 743
62 635
62 444
62 221
63 918
63 836
64 787
64 527
64 69
64 951
64 299
64 207
65 321
66 466
66 813
67 676
68 400
68 379
68 625
68 636
68 712
69 748
69 725
69 296
69 891
69 76
69 718
69 985
69 651
69 761
70 710
70 163
71 464
71 312
71 797
71 798
71 222
72 697
73 524
73 410
74 267
74 296
74 457
75 96
75 81
75 995
75 824
76 512
76 262
77 78
77 239
78 81
78 367
78 905
78 907
79 892
79 885
80 691
80 792
80 618
80 781
80 811
81 719
81 526
81 646
81 746
81 150
81 784
82 616
82 645
82 206
82 537
82 358
82 844
83 846
84 675
84 937
84 645
85 446
85 563
85 709
86 421
86 943
86 960
86 95
86 233
86 799
86 275
87 431
87 771
87 473
87 371
87 967
87 247
88 558
88 905
88 867
88 146
88 161
89 347
90 180
90 580
90 798
90 304
90 340
91 741
91 177
92 820
92 116
92 774
92 982
92 369
93 585
94 967
95 397
95 602
95 604
95 236
96 288
96 855
96 156
96 811
97 452
98 373
99 433
100 194
100 814
100 171
100 935
100 109
101 403
101 532
101 710
102 127
102 645
103 165
103 234
103 510
103 751
103 881
104 469
104 220
105 268
105 829
106 323
106 411
106 380
106 727
107 573
107 601
108 733
108 296
110 773
110 199
110 620
111 171
111 392
111 964
111 689
111 674
112 719
112 481
112 412
112 782
113 457
113 900
113 913
113 204
114 715
114 407
114 461
114 499
114 432
115 476
116 315
116 917
117 205
117 143
117 635
118 509
118 253
118 755
118 270
119 973
120 691
120 462
121 836
121 985
121 746
121 445
122 337
123 706
123 276
124 227
124 258
125 776
125 469
126 256
126 673
126 368
127 374
127 822
128 400
129 749
129 832
129 180
129 179
130 503
131 571
131 979
131 680
131 202
132 504
132 437
133 288
133 702
133 685
134 902
135 200
135 313
136 221
137 488
137 670
137 507
137 391
137 665
138 254
138 558
139 394
139 342
140 832
141 852
141 533
141 567
142 315
142 364
143 814
143 449
143 424
143 416
143 169
143 895
144 729
144 726
144 999
144 582
144 432
145 702
145 508
145 224
145 762
145 330
146 963
146 378
147 933
147 710
147 373
148 639
149 890
150 683
150 750
150 963
151 311
151 677
151 318
152 660
152 395
152 713
153 167
154 333
154 961
154 675
154 155
157 170
157 720
158 845
158 512
158 250
158 182
158 640
158 256
159 665
159 350
159 409
160 706
161 729
161 724
161 601
161 858
161 593
161 462
163 552
164 562
164 349
164 388
165 306
165 452
165 923
165 566
165 795
165 432
165 906
165 779
165 790
165 482
165 529
166 916
167 301
167 474
168 400
168 511
169 834
169 695
170 795
170 240
170 783
170 803
171 637
171 225
172 177
173 453
173 333
173 684
173 892
173 397
173 631
174 469
174 937
174 609
174 948
174 455
174 420
175 935
176 514
176 815
177 967
177 724
178 513
179 969
179 824
180 413
180 614
180 692
180 772
181 927
181 805
182 552
182 535
182 410
183 714
183 808
183 586
184 649
184 940
185 337
185 600
185 279
185 268
185 558
185 754
185 986
185 381
186 953
186 559
187 431
187 865
188 689
189 195
189 405
189 936
189 578
189 921
190 750
191 534
191 938
192 328
193 195
193 233
193 665
193 912
193 230
194 963
194 612
194 940
194 681
194 543
194 339
194 784
195 963
195 362
195 408
196 226
197 438
197 405
198 723
198 253
198 751
198 974
198 836
199 636
199 786
199 962
199 473
200 905
200 302
201 688
201 743
201 920
201 821
202 757
202 901
203 749
203 827
203 446
203 991
203 376
204 683
205 455
205 280
206 952
206 664
206 215
207 843
208 231
208 953
208 239
209 795
209 773
209 834
210 446
210 581
210 524
211 445
211 809
211 732
211 749
212 825
212 340
213 317
213 580
214 527
214 633
214 946
214 270
215 417
215 256
215 266
216 895
216 397
216 466
217 223
217 796
217 710
217 744
218 667
218 924
218 518
219 960
220 335
220 710
221 244
221 742
222 727
222 936
222 664
222 617
222 652
223 431
223 660
223 960
223 819
223 794
223 940
224 492
224 679
224 469
224 393
225 449
227 625
227 689
227 249
227 831
227 297
227 779
227 775
228 567
229 939
230 367
231 939
231 804
232 403
232 442
232 678
232 844
233 621
233 766
233 914
234 412
234 623
235 455
235 851
236 511
236 698
236 958
237 455
238 643
238 971
240 980
241 845
241 348
241 675
241 503
242 696
242 253
242 879
242 991
243 934
243 907
243 791
244 681
244 845
245 841
246 562
246 557
247 571
247 687
248 566
248 946
249 319
249 478
249 465
250 428
251 764
252 931
252 509
253 562
253 929
253 710
253 333
253 725
253 960
253 937
253 687
253 331
253 743
254 311
255 869
255 497
256 400
256 384
256 723
257 548
257 291
257 609
258 808
258 977
258 368
258 523
258 704
258 782
259 329
259 495
259 407
260 679
260 725
261 726
261 960
262 439
263 570
263 768
263 584
263 628
263 274
264 729
264 920
264 585
264 399
264 317
265 652
266 301
267 390
267 758
268 271
268 416
268 725
268 806
268 424
268 314
270 482
270 770
270 280
271 670
271 909
271 286
271 905
272 970
272 963
272 660
272 355
274 710
274 680
274 797
274 395
274 388
274 583
274 943
275 374
276 306
276 590
276 997
276 562
276 764
276 833
276 871
276 512
277 910
277 388
278 736
278 898
279 520
279 471
279 367
280 342
282 446
282 408
283 414
283 655
284 592
284 738
285 302
285 968
285 813
286 333
286 474
286 898
286 326
286 848
286 477
287 916
288 431
288 482
288 845
288 705
288 718
289 923
289 878
290 301
290 411
290 342
292 462
292 602
293 616
293 719
293 853
294 772
294 752
295 755
295 665
296 331
296 657
296 896
296 653
298 849
298 333
299 963
299 572
299 667
300 457
300 691
301 963
301 744
301 935
301 489
302 837
302 627
302 846
302 361
303 964
304 831
304 981
304 406
305 603
306 431
306 983
306 433
306 604
307 609
308 593
308 594
308 523
309 389
309 960
310 995
310 399
311 720
311 571
311 790
311 829
312 698
313 542
313 405
313 608
314 827
314 988
315 455
315 840
315 930
315 724
315 402
316 476
316 798
316 781
316 805
317 555
317 487
318 761
318 863
318 360
319 814
320 789
320 742
321 861
321 903
321 875
322 421
323 512
324 911
324 852
325 953
325 347
326 846
326 533
326 398
326 482
326 815
327 337
327 977
327 902
328 518
329 988
329 643
329 868
329 726
329 918
330 390
330 812
331 887
332 507
333 389
333 539
333 993
333 839
333 680
333 605
333 636
334 482
334 517
335 868
336 416
336 895
337 987
337 729
337 844
337 1000
337 604
337 813
337 501
337 472
338 570
341 916
341 514
341 748
342 568
343 621
343 604
344 966
345 372
345 860
346 940
346 707
347 832
347 602
347 502
348 564
348 438
348 375
350 722
350 623
350 437
351 749
351 569
352 488
352 789
353 976
354 995
356 594
356 734
356 586
357 440
357 455
358 827
359 966
359 896
359 729
360 444
360 810
361 980
363 975
363 457
364 692
365 589
366 654
368 683
368 599
369 455
369 926
370 680
370 400
370 574
372 512
373 695
373 521
374 987
374 418
374 402
374 728
375 762
376 536
377 842
377 896
380 697
381 967
381 679
382 636
382 388
382 511
382 960
382 810
382 670
383 590
383 645
384 759
384 776
385 427
385 606
386 749
386 422
386 559
387 562
387 937
389 452
389 615
389 791
389 875
389 523
390 459
390 435
391 430
392 910
393 991
393 507
394 544
394 871
395 499
395 975
397 804
397 739
398 685
398 412
400 845
400 931
400 707
400 576
400 411
401 608
402 851
403 624
404 766
405 972
405 822
405 577
405 921
405 969
405 522
405 831
407 991
407 492
407 891
407 919
408 869
408 518
409 882
409 980
409 912
410 668
410 461
410 494
410 648
411 966
412 631
414 966
414 817
414 915
414 613
415 459
416 538
417 908
417 780
418 835
418 856
418 675
419 534
419 589
419 687
419 813
420 685
421 717
421 553
421 967
422 892
422 438
422 536
422 518
423 646
423 493
423 916
424 749
424 758
425 974
425 677
425 548
426 475
427 431
427 763
429 746
430 837
430 685
431 986
432 518
432 459
432 515
432 442
433 648
433 661
433 455
433 472
434 795
434 447
435 546
435 556
435 866
435 942
435 825
435 663
436 954
436 692
437 660
437 785
437 458
438 517
438 796
439 927
439 732
439 996
439 510
440 729
440 887
440 890
441 836
441 874
443 679
444 699
445 615
448 751
448 962
449 452
450 733
452 455
452 475
452 529
452 833
453 841
453 545
454 593
454 728
454 967
454 723
455 967
455 905
456 646
456 693
457 719
457 460
457 461
458 845
459 990
459 521
459 645
459 907
460 944
460 604
460 757
460 949
461 786
463 974
464 729
465 939
465 531
466 978
466 916
467 906
467 541
467 972
469 673
469 724
469 728
469 783
470 586
470 602
471 783
472 970
472 617
472 681
473 870
475 710
475 558
475 731
476 963
477 854
478 722
478 594
479 970
479 496
479 565
480 654
480 935
480 509
481 783
482 841
482 593
483 779
484 912
485 725
485 821
485 944
486 947
486 772
487 896
488 861
488 513
488 871
489 713
490 969
491 995
491 605
491 974
491 574
492 571
492 622
494 654
495 613
497 873
498 507
498 751
499 956
500 783
500 948
500 568
501 776
501 800
501 835
501 828
502 900
502 573
502 996
503 885
504 864
504 743
505 644
506 542
506 834
507 948
508 646
508 710
510 846
510 787
510 780
511 808
511 814
512 525
513 733
514 754
515 667
515 793
516 791
517 920
518 762
518 986
518 656
519 636
521 857
521 768
522 585
522 998
522 706
524 731
525 847
526 714
527 608
527 793
528 883
530 905
530 996
532 619
533 941
534 739
534 848
536 916
536 765
537 758
537 849
538 580
538 987
540 912
542 615
542 602
543 691
545 708
546 712
546 644
546 585
546 614
547 697
548 570
548 773
549 906
550 570
550 951
551 807
552 908
552 634
553 678
553 763
554 923
554 647
554 970
554 900
555 917
557 648
557 710
557 833
557 594
557 779
557 650
558 585
558 872
558 909
559 892
559 902
559 610
560 689
561 630
562 746
564 608
564 826
564 622
565 707
565 982
565 731
565 968
566 787
567 986
569 792
570 845
570 749
570 739
571 892
571 596
573 940
574 718
574 984
575 764
576 799
576 640
576 607
576 993
577 900
578 948
579 814
580 680
580 811
580 678
581 883
583 890
584 710
584 707
585 888
585 896
585 784
585 860
586 685
586 954
586 850
587 831
587 802
588 918
590 877
590 750
591 940
591 641
592 855
592 666
592 726
593 951
593 661
593 708
594 978
594 908
594 765
595 743
595 613
596 719
596 703
597 691
598 611
598 821
599 953
601 704
602 961
603 811
604 785
607 923
607 709
608 760
611 975
611 853
611 868
612 665
613 864
616 705
618 694
618 821
618 856
619 633
619 716
619 680
619 731
620 998
621 994
621 884
621 742
621 778
622 882
622 741
623 873
624 876
624 663
624 680
626 868
628 808
628 732
628 847
628 642
629 779
629 892
630 729
630 747
631 870
631 752
632 888
632 797
634 703
637 654
637 917
640 690
640 896
641 691
641 948
645 652
645 832
646 994
646 787
646 897
646 740
649 963
649 662
650 793
651 922
651 750
652 658
653 899
653 972
654 862
657 739
659 923
659 869
660 682
665 970
665 959
669 743
669 977
670 815
671 986
672 779
674 739
676 908
677 884
680 876
681 910
682 1000
683 715
683 914
683 714
684 1000
685 795
686 720
686 833
687 730
687 873
687 719
688 927
688 702
688 778
689 949
689 905
690 753
691 859
691 985
691 808
692 737
692 719
695 955
695 961
696 970
696 773
700 707
700 958
701 854
701 977
702 887
702 720
702 734
703 886
704 958
704 712
705 916
705 933
706 827
706 921
709 759
710 808
711 762
711 847
712 852
713 780
713 825
715 928
717 800
718 897
720 960
723 808
724 952
725 773
725 969
725 935
725 940
726 808
727 923
728 800
731 782
732 927
732 736
734 822
735 758
735 747
735 862
735 793
736 843
736 879
736 769
737 963
737 911
737 822
739 755
740 833
741 970
743 885
744 846
747 758
747 953
747 790
747 835
747 933
747 1000
748 846
749 927
749 976
749 904
751 767
756 834
757 891
758 931
758 894
759 865
761 927
764 974
769 819
770 932
771 869
771 914
775 792
777 903
780 877
780 958
781 965
781 913
787 978
788 992
790 962
792 900
794 907
794 923
794 816
798 874
801 835
801 971
805 974
806 837
807 890
809 838
809 911
811 964
814 854
814 891
814 829
816 840
818 820
820 977
823 981
823 933
824 862
825 879
826 905
828 864
833 997
835 864
836 916
836 846
836 876
837 871
840 893
842 974
843 876
843 881
843 875
844 850
845 987
845 963
849 910
851 948
852 946
858 926
862 925
864 923
864 995
866 997
869 974
870 895
872 895
872 997
875 960
879 989
883 907
884 956
888 985
889 991
890 977
891 899
894 969
898 957
899 999
901 982
911 967
912 947
914 980
914 946
926 937
926 982
927 950
930 998
930 961
931 969
932 992
934 981
945 981
960 967
963 988
967 969
973 991
989 1000
